DTUSAT                  
1 27842U 03031C   13024.57090568  .00000080  00000-0  56515-4 0  5945
2 27842  98.6922  35.9922 0008228 279.9561 226.3356 14.21391863496453
CUTE-1 (CO-55)          
1 27844U 03031E   13023.61051991  .00000140  00000-0  84527-4 0  5624
2 27844  98.7031  34.7833 0008747 309.5089 198.4563 14.21150687496193
QUAKESAT                
1 27845U 03031F   13024.89313696  .00000174  00000-0  10072-3 0  6103
2 27845  98.7126  36.0144 0008031 328.6388  79.0247 14.20910812496241
AAU CUBESAT             
1 27846U 03031G   13024.54313210  .00000192  00000-0  10791-3 0  4777
2 27846  98.6924  35.9512 0008584 284.7208  75.3013 14.21390453496457
CANX-1                  
1 27847U 03031H   13024.50411874  .00000155  00000-0  91212-4 0  4732
2 27847  98.6921  35.8811 0008502 283.9719  76.0499 14.21358564496390
CUBESAT XI-IV (CO-57)   
1 27848U 03031J   13024.56901672  .00000107  00000-0  69646-4 0  5115
2 27848  98.7117  35.1658 0008679 312.7322 193.5208 14.20885789496269
UWE-1                   
1 28892U 05043C   13023.64471855  .00000439  00000-0  98433-4 0  4318
2 28892  97.8826 244.5413 0017619 172.6566 220.4928 14.60918254385958
CUBESAT XI-V (CO-58)    
1 28895U 05043F   13024.05565907  .00000570  00000-0  12512-3 0  3878
2 28895  97.8865 246.2719 0017792 172.5665 187.5832 14.60944253385903
NCUBE-2                 
1 28897U 05043H   13024.13401190  .00000769  00000-0  16483-3 0  9622
2 28897  97.8857 246.2745 0016883 171.0404 189.1068 14.61202832378238
CSTB1                   
1 31122U 07012F   13024.00337918  .00000571  00000-0  13125-3 0  7244
2 31122  97.8637  34.5843 0084200 123.2009 237.7299 14.56783109306742
MAST                    
1 31126U 07012K   13024.01222895  .00000309  00000-0  78511-4 0  6650
2 31126  97.8753  28.2234 0093988 141.7351 219.0564 14.54416452306365
LIBERTAD-1              
1 31128U 07012M   13024.68304134 -.00000045  00000-0  00000+0 0  7351
2 31128  97.8886  25.0581 0101520 154.6231 206.0009 14.53195500306149
POLYSAT CP3             
1 31129U 07012N   13024.51094135  .00000274  00000-0  71688-4 0  3737
2 31129  97.8869  25.3492 0100889 154.0291 206.6019 14.53436989306126
CAPE1                   
1 31130U 07012P   13023.95175155  .00000253  00000-0  67117-4 0  6774
2 31130  97.8878  24.4845 0101314 156.6577 203.9271 14.53279453305837
POLYSAT CP4             
1 31132U 07012Q   13024.51446409  .00000254  00000-0  64372-4 0  6784
2 31132  97.8616  34.1369 0084814 122.3206 238.6249 14.56302002306664
NTS (CANX-6)            
1 32784U 08021B   13024.66520005  .00000579  00000-0  77828-4 0  5330
2 32784  97.7709  84.9730 0016502  60.4797 103.2707 14.82820298256505
CUTE-1.7+APD II (CO-65) 
1 32785U 08021C   13024.74457542  .00000730  00000-0  94842-4 0  5340
2 32785  97.7716  86.2625 0015452  61.9187  85.6669 14.83549817256601
COMPASS-1               
1 32787U 08021E   13023.84602817  .00001205  00000-0  14749-3 0  5254
2 32787  97.7719  86.0757 0015921  62.4114  50.0011 14.84927557256549
AAUSAT-II               
1 32788U 08021F   13024.15506792  .00001340  00000-0  16177-3 0  5162
2 32788  97.7730  86.8975 0015346  61.0730 351.6965 14.85335459256625
DELFI-C3 (DO-64)        
1 32789U 08021G   13024.75909772  .00001659  00000-0  18862-3 0  5395
2 32789  97.7872  90.4807 0014862  54.1116  93.6470 14.87498802256797
CANX-2                  
1 32790U 08021H   13024.66404105  .00000699  00000-0  91326-4 0  5274
2 32790  97.7688  85.7550 0016119  62.5228  99.5086 14.83440705256568
SEEDS II (CO-66)        
1 32791U 08021J   13024.18925590  .00000935  00000-0  11795-3 0  5137
2 32791  97.7726  85.9450 0016321  61.5627 332.0162 14.84175632256510
SWISSCUBE               
1 35932U 09051B   13023.84224084  .00000445  00000-0  11800-3 0  9354
2 35932  98.3494 131.8383 0009012 142.3882   3.9440 14.53356508176901
BEESAT                  
1 35933U 09051C   13024.75761618  .00000628  00000-0  14975-3 0  1895
2 35933  98.3458 133.2673 0006061 150.1169 210.0865 14.53787498177107
UWE-2                   
1 35934U 09051D   13024.76824554  .00000490  00000-0  11707-3 0  5752
2 35934  98.3417 132.7633 0006899 152.7393 207.4657 14.53670851177102
ITUPSAT 1               
1 35935U 09051E   13024.76256100  .00001974  00000-0  48744-3 0  1260
2 35935  98.3549 133.4540 0008679 141.3997 218.7727 14.53162365177026
TISAT 1                 
1 36799U 10035E   13024.74454424  .00001645  00000-0  20981-3 0  7444
2 36799  98.0449 108.5997 0014883 169.7746 190.3739 14.82801899137310
DICE-F                  
1 37851U 11061B   13024.85507277  .00002646  00000-0  21186-3 0  4077
2 37851 101.7164 172.3610 0241357  78.4930 284.3258 14.81765176 67190
DICE-Y                  
1 37852U 11061C   13023.89164228  .00003362  00000-0  26366-3 0  4055
2 37852 101.7179 171.2292 0238987  80.5497 282.2583 14.82444606 67065
RAX-2                   
1 37853U 11061D   13024.84429851  .00002802  00000-0  22268-3 0  4075
2 37853 101.7117 172.2666 0239117  77.9371 284.8486 14.82255592 67201
AUBIESAT-1              
1 37854U 11061E   13023.98645033  .00003447  00000-0  26662-3 0  4058
2 37854 101.7143 171.5988 0239302  79.3315 283.4716 14.82844225 67084
M-CUBED & EXP-1 PRIME   
1 37855U 11061F   13023.42191891  .00003589  00000-0  27797-3 0  4019
2 37855 101.7151 170.6344 0240465  81.2239 281.6099 14.82575447 66999
E-ST@R                  
1 38079U 12006C   13024.76456117  .00024687  00000-0  54118-3 0  8339
2 38079  69.4796 162.7828 0670334 324.3915  31.4130 14.32879772 49111
2012-006D               
1 38080U 12006D   13024.77003915  .00024268  00000-0  54126-3 0  7878
2 38080  69.4751 162.5556 0667601 324.8072  31.0563 14.33110777 49112
MASAT 1                 
1 38081U 12006E   13024.52185961  .00026290  00000-0  58480-3 0  8206
2 38081  69.4804 163.3788 0668785 325.0308  30.8521 14.32898075 49076
XATCOBEO                
1 38082U 12006F   13024.77555245  .00028555  00000-0  60994-3 0  8737
2 38082  69.4832 159.9909 0646802 322.7496  33.0350 14.38381121 49195
PW-SAT                  
1 38083U 12006G   13024.81741956  .00028243  00000-0  61675-3 0  9685
2 38083  69.4795 161.1542 0656392 323.5420  32.2575 14.35894836 49169
2012-006H               
1 38084U 12006H   13024.80469376  .00025575  30947-5  57446-3 0  8591
2 38084  69.4833 163.5548 0674682 324.8669  30.9666 14.32051827 49096
2012-006J               
1 38085U 12006J   13024.52398744  .00024944  00000-0  54970-3 0  7837
2 38085  69.4872 164.5816 0677062 325.3776  30.4941 14.31339222 49042
RAIKO                   
1 38852U 98067CN  13024.24147846  .00031660  00000-0  39553-3 0  1202
2 38852  51.6542 100.2883 0014084 181.6626 178.4064 15.59439687 17308
FITSAT-1 (NIWAKA)       
1 38853U 98067CP  13024.63397149  .00038589  00000-0  45113-3 0  1182
2 38853  51.6559  97.6688 0011226 200.6267 159.4274 15.61122622 17423
TECHEDSAT               
1 38854U 98067CQ  13024.69991596  .00068161  00000-0  67211-3 0  1301
2 38854  51.6429  95.8465 0009246 208.0290 152.0204 15.65250215 17459
F-1                     
1 38855U 98067CR  13024.65073994  .00064350  00000-0  64701-3 0  1353
2 38855  51.6444  96.2750 0010662 205.2056 154.8321 15.64766439 17338
WE-WISH                 
1 38856U 98067CS  13024.63312373  .00165077  00000-0  10570-2 0  1542
2 38856  51.6412  93.1184 0003763 212.7879 147.2814 15.75262483 17370
