ALSAT 1                 
1 27559U 02054A   13023.79546826  .00000304  00000-0  58055-4 0  7032
2 27559  97.7745 229.4979 0024589 108.7665 311.5535 14.70176517543095
NIGERIASAT 1            
1 27941U 03042C   13024.80547663  .00000475  00000-0  70096-4 0  5236
2 27941  97.8004 233.2658 0053141  48.9306 311.6487 14.78836819499104
UK-DMC                  
1 27942U 03042D   13024.55860031  .00000456  00000-0  70643-4 0  7910
2 27942  97.7875 235.3824 0064107 247.2669 146.0141 14.76594182499264
BILSAT 1                
1 27943U 03042E   13024.78186125  .00000143  00000-0  36314-4 0  3568
2 27943  97.7989 217.7257 0010332 291.4292  68.5811 14.63346311498186
BEIJING 1               
1 28890U 05043A   13024.82092204  .00000137  00000-0  37341-4 0  2385
2 28890  97.8714 245.1661 0015788 165.2542 194.9122 14.60433565386196
HJ-1A                   
1 33320U 08041A   13024.73882235  .00000255  00000-0  45373-4 0  8506
2 33320  97.8398  92.5540 0027901 149.4734 210.8095 14.74609140236139
HJ-1B                   
1 33321U 08041B   13024.70752890  .00000687  00000-0  10944-3 0  9074
2 33321  97.8420  92.8250 0037261 166.6872 193.5310 14.74605418236110
YAOGAN 4                
1 33446U 08061A   13024.83552955  .00000212  00000-0  38900-4 0  6072
2 33446  97.7612  85.3316 0018664 104.3514 255.9741 14.74594652223415
YAOGAN 5                
1 33456U 08064A   13024.92431072  .00009741  00000-0  23267-3 0  6101
2 33456  97.2321  99.7051 0008829  27.1819 103.2857 15.41677338229568
DEIMOS-1                
1 35681U 09041A   13024.89426939  .00000165  00000-0  35698-4 0  8746
2 35681  98.0173 286.2218 0001694  90.3490 269.7908 14.69881010187305
UK-DMC 2                
1 35683U 09041C   13024.73042145  .00000188  00000-0  39483-4 0  8947
2 35683  98.0181 285.1433 0001283 110.4296 249.7055 14.69904174187202
RISAT 1                 
1 38248U 12017A   13024.91624479  .00000605  00000-0  42297-4 0  8569
2 38248  97.5940  33.2113 0001787 108.8269 334.5023 15.08945059 41316
