SAUDISAT 1A             
1 26545U 00057A   13023.47014986  .00000507  00000-0  80835-4 0  3761
2 26545  64.5529  18.8919 0056634 273.4239  86.0388 14.81948418666138
UNISAT                  
1 26547U 00057C   13024.35411426  .00001198  00000-0  15454-3 0  3920
2 26547  64.5547 347.6476 0060821 277.3008  82.1191 14.84682882666852
SAUDISAT 1B             
1 26549U 00057E   13024.56379758  .00000451  00000-0  75734-4 0  4656
2 26549  64.5565  39.5909 0060929 277.9474 227.3712 14.80733119665806
MOZHAYETS               
1 27560U 02054B   13024.89176075  .00000254  00000-0  67126-4 0  2253
2 27560  97.9807 183.4924 0043374  64.8011 295.7684 14.55857032538405
SAUDISAT 1C             
1 27607U 02058C   13024.36132811  .00000387  00000-0  80042-4 0  9752
2 27607  64.5591 341.9328 0064182 202.3061 157.5258 14.72744727542536
UNISAT 2                
1 27608U 02058D   13024.18407144  .00000260  00000-0  57943-4 0  9841
2 27608  64.5581 289.4954 0045020 200.3949 159.5353 14.75544940543616
SAUDISAT 2              
1 28371U 04025F   13024.85594030  .00000137  00000-0  43082-4 0  6074
2 28371  97.9351  24.5760 0024864 277.5741  82.2637 14.53344123454728
UNISAT 3                
1 28373U 04025H   13023.89049148  .00000244  00000-0  81293-4 0  4404
2 28373  98.1303 352.9990 0071363  50.8681 309.8827 14.44019936452104
SSETI EXPRESS (XO-53)   
1 28894U 05043E   13024.54925684  .00000161  00000-0  42453-4 0  5981
2 28894  97.8784 244.7620 0017971 173.5230 218.9344 14.60245658386051
SAUDISAT 3              
1 31118U 07012B   13024.72606619  .00000155  00000-0  34848-4 0  2097
2 31118  97.8416  78.9464 0015701   7.4915 352.6513 14.68357363309495
