LES 9                   
1 08747U 76023B   13022.27229031 -.00000082  00000-0  10000-3 0  8824
2 08747  12.7067 114.4263 0021848  16.3754 343.5965  1.00276495 80615
GOES 3                  
1 10953U 78062A   13023.92576473 -.00000090  00000-0  10000-3 0   864
2 10953  14.5391 348.2678 0004953  73.9285 286.1586  1.00277455 79874
ESIAFI 1 (COMSTAR 4)    
1 12309U 81018A   13019.44036009 -.00000169  00000-0  10000-3 0  6384
2 12309  14.6804 358.2369 0002362 359.1065   0.9113  1.00274754118350
SATCOM C5               
1 13631U 82105A   13022.00661460 -.00000109  00000-0  10000-3 0   997
2 13631  14.3452  18.2706 0003922 313.4954  46.5033  1.00272316 77304
GSTAR 1                 
1 15677U 85035A   13023.05098028 -.00000106  00000-0  00000+0 0  6138
2 15677  13.2003  35.5289 0007215 318.4892  41.5001  1.00272253 76173
GSTAR 3                 
1 19483U 88081A   13022.97381271 -.00000112  00000-0  10000-3 0  8680
2 19483  15.6186   7.7266 0007741  44.1203 315.9684  1.00272707 85550
TDRS 3                  
1 19548U 88091B   13024.56327869 -.00000295  00000-0  10000-3 0    25
2 19548  13.9837  25.7680 0011723 330.4309 281.5834  1.00263598 76350
LEASAT 5                
1 20410U 90002B   13024.80579696 -.00000072  00000-0  10000-3 0  8340
2 20410  10.3674  25.7372 0000957 268.7185 191.9021  1.00272273 69657
INTELSAT 603 (IS-603)   
1 20523U 90021A   13023.03148883 -.00000009  00000-0  10000-3 0  2041
2 20523   9.3089  51.4017 0000801 286.6317 160.1939  1.00125873 76664
COSMOS 2085             
1 20693U 90061A   13022.50147847 -.00000153  00000-0  10000-3 0  3820
2 20693  14.1325  22.1692 0003872  30.9919 329.0642  1.00277747 82439
SKYNET 4C               
1 20776U 90079A   13021.26061921 -.00000035  00000-0  10000-3 0  5721
2 20776  12.2707  33.3498 0003139 274.3736 265.5841  1.00274242 81867
INMARSAT 2-F1           
1 20918U 90093A   13024.47145858  .00000000  00000-0  10000-3 0  3081
2 20918   9.2873  42.6012 0003873 293.8577  66.1676  1.00268421 77301
COSMOS 2133             
1 21111U 91010A   13024.53747461  .00000000  00000-0  10000-3 0  5769
2 21111  13.4959  27.8976 0007128  32.2719 327.8257  1.00275493 80395
INMARSAT 2-F2           
1 21149U 91018A   13024.18201920  .00000101  00000-0  00000+0 0  3679
2 21149   8.6227  43.7862 0003721 252.2272 111.1758  1.00274160 80170
TDRS 5                  
1 21639U 91054B   13024.42040166  .00000096  00000-0  10000-3 0  2085
2 21639  12.5168  39.7731 0017568 340.9328  87.0131  1.00279989 78675
GORIZONT 27             
1 22245U 92082A   13024.45546838  .00000000  00000-0  10000-3 0  8600
2 22245  13.6021  30.2893 0011380 267.1497  92.7735  1.00148715 78144
COSMOS 2224             
1 22269U 92088A   13022.52944320 -.00000131  00000-0  10000-3 0  9524
2 22269  12.8321  33.1178 0003652 110.7950 249.2856  1.00151846 73105
TDRS 6                  
1 22314U 93003B   13024.25162204 -.00000287  00000-0  10000-3 0  2387
2 22314  11.9340  42.5918 0012934 319.3213 166.4997  1.00262349 73393
ASTRA 1C                
1 22653U 93031A   13022.26882936  .00000004  00000-0  10000-3 0   131
2 22653   5.6233  61.6599 0004713 230.8583 287.9894  1.00272454 67240
ACTS                    
1 22796U 93058B   13022.07014286 -.00000108  00000-0  10000-3 0  1218
2 22796  12.1260  41.8859 0015411 349.6494  10.3578  1.00271671 77830
INTELSAT 701 (IS-701)   
1 22871U 93066A   13023.68235451 -.00000139  00000-0  10000-3 0   660
2 22871   0.9775  77.2449 0004216 220.3950 228.1487  1.00272039 70404
SOLIDARIDAD 1           
1 22911U 93073A   13023.09415483 -.00000076  00000-0  10000-3 0  6445
2 22911  10.7290  47.2487 0004595 101.0737 259.0254  1.00271249 68850
NATO 4B                 
1 22921U 93076A   13024.71763319  .00000140  00000-0  10000-3 0  8424
2 22921  10.3848  39.3873 0003591 253.5875 125.0294  1.00273300 70105
INTELSAT 702 (IS-702)   
1 23124U 94034A   13023.81467649  .00000155  00000-0  10000-3 0  8743
2 23124   1.3296  76.2135 0002760 231.2340 142.1050  1.00274135 82320
APSTAR 1                
1 23185U 94043A   13024.23019874 -.00000091  00000-0  10000-3 0  2485
2 23185   7.3758  56.3538 0001985 275.0993  38.0850  1.00271841 67785
DIRECTV 2 (DBS 2)       
1 23192U 94047A   13024.24600831 -.00000043  00000-0  00000+0 0   601
2 23192   5.4863  62.3762 0010353 224.0137 135.9296  0.98635233 77426
OPTUS B3                
1 23227U 94055A   13023.58109743 -.00000079  00000-0  10000-3 0  1246
2 23227   4.5068  64.3912 0002763 253.3406 178.4819  1.00272583 67400
NSS-703                 
1 23305U 94064A   13023.21225517 -.00000281  00000-0  00000+0 0  7663
2 23305   2.9725  69.2985 0003400 234.2743 208.4557  1.00270975 67129
SOLIDARIDAD 2           
1 23313U 94065A   13024.49082041 -.00000029  00000-0  10000-3 0  2746
2 23313   4.3025  65.0980 0004196 240.3259 240.2785  1.00272633 67006
ASTRA 1D                
1 23331U 94070A   13024.72550693  .00000130  00000-0  10000-3 0  5218
2 23331   4.7064  63.4419 0003384 227.9103 117.0957  1.00272355 67248
RADUGA 32               
1 23448U 94087A   13023.56599619 -.00000061  00000-0  10000-3 0  5884
2 23448  12.7934  37.1188 0005691 126.2866 233.8150  1.00276973 83883
BRASILSAT B2            
1 23536U 95016A   13024.21353552 -.00000274  00000-0  10000-3 0  7701
2 23536   4.3405  65.2998 0002098 234.6489 192.5847  1.00271302 65352
AMSC 1                  
1 23553U 95019A   13024.08349887 -.00000108  00000-0  10000-3 0  6079
2 23553   7.4910  56.3453 0005122 222.0082 131.9487  1.00272596 65155
INTELSAT 706 (IS-706)   
1 23571U 95023A   13022.80543032 -.00000158  00000-0  10000-3 0  6929
2 23571   1.2591  75.8715 0003713 195.5728 293.1787  1.00380810 64763
TDRS 7                  
1 23613U 95035B   13024.51241810  .00000000  00000-0  10000-3 0  3829
2 23613  13.4711  33.1932 0033217 347.0487  12.9216  1.00271940 64087
TELSTAR 4 (TELSTAR 402R)
1 23670U 95049A   13022.11821881 -.00000071  00000-0  10000-3 0  3989
2 23670   8.2878  53.9619 0001877 262.3932  97.6131  1.00300958 63479
LUCH 1                  
1 23680U 95054A   13024.57307140 -.00000112  00000-0  10000-3 0  2205
2 23680  11.7927  46.4360 0008370   5.5808 354.4861  1.00277802 63350
ASTRA 1E                
1 23686U 95055A   13024.55689648  .00000000  00000-0  10000-3 0  6542
2 23686   2.3067  72.8997 0003059 226.8549 133.0176  1.00266452 63309
ECHOSTAR 1              
1 23754U 95073A   13024.07095868 -.00000241  00000-0  10000-3 0  8180
2 23754   0.0461 251.5917 0002119  52.3046 128.0327  1.00271491 62395
AFRICASAT-1 (MEASAT-1)  
1 23765U 96002B   13023.82279517  .00000127  00000-0  10000-3 0  5305
2 23765   4.6597  63.9425 0001187 165.2012 236.3670  1.00275503 62366
ABS-1A                  
1 23768U 96003A   13023.74370152 -.00000090  00000-0  10000-3 0  7602
2 23768   5.3992  61.9429 0000735   2.8248  40.9539  1.00271588 62354
INTELSAT 707 (IS-707)   
1 23816U 96015A   13023.01111667  .00000016  00000-0  10000-3 0  5529
2 23816   0.2156  75.0958 0070056 243.5394  40.8103  0.98480757 61773
INMARSAT 3-F1           
1 23839U 96020A   13022.60543759  .00000011  00000-0  10000-3 0  6644
2 23839   0.7677  73.7358 0005536 220.0162 110.7660  1.00272388 61569
ASTRA 1F                
1 23842U 96021A   13024.77315219  .00000086  00000-0  00000+0 0  7960
2 23842   0.0571  40.3540 0003109 251.5660 165.5442  1.00274062 61497
MSAT M1                 
1 23846U 96022A   13024.07844245 -.00000085  00000-0  10000-3 0  3965
2 23846   4.9102  63.1782 0005820 238.5130 103.5884  1.00272860 61399
PALAPA C2               
1 23864U 96030A   13024.43494810  .00000000  00000-0  10000-3 0  6456
2 23864   2.4617  70.9972 0001790 215.2690 144.6399  1.00265380 61122
INTELSAT 709 (IS-709)   
1 23915U 96035A   13024.84863286  .00000126  00000-0  10000-3 0  7034
2 23915   0.6671  79.0624 0003173 219.7113 178.5375  1.00274349 60875
APSTAR 1A               
1 23943U 96039A   13023.74308406  .00000096  00000-0  10000-3 0   348
2 23943   6.7027  58.1291 0000734 241.0188 143.3887  1.00273068 60679
INMARSAT 3-F2           
1 24307U 96053A   13024.11345194 -.00000123  00000-0  10000-3 0  5556
2 24307   0.0834  33.3624 0006242 268.3169 207.2368  1.00272351 59994
ECHOSTAR 2              
1 24313U 96055A   13022.03824510 -.00000268  00000-0  10000-3 0  5378
2 24313   3.9403  66.0010 0003201 333.4745  26.4634  1.00226806 60008
AMC-1 (GE-1)            
1 24315U 96054A   13021.58737823 -.00000102  00000-0  10000-3 0    00
2 24315   0.0129 338.9080 0003193 307.4577 303.1563  1.00271238 59952
ARABSAT-2B              
1 24652U 96063A   13024.79975675  .00000147  00000-0  10000-3 0  7071
2 24652   0.4308  81.0154 0001726 234.5767 127.2863  1.00147461 59822
AFRICASAT-2 (MEASAT-2)  
1 24653U 96063B   13024.64736259 -.00000222  00000-0  10000-3 0  8019
2 24653   4.6182  63.9820 0000149 331.5592 109.6320  1.00272301 59385
EUTELSAT 48A            
1 24665U 96067A   13024.70979359  .00000000  00000-0  10000-3 0  6452
2 24665   3.3483  68.0530 0005310 245.7257 114.2032  1.00273990 58455
INMARSAT 3-F3           
1 24674U 96070A   13024.65428183  .00000041  00000-0  10000-3 0  5920
2 24674   0.1588  77.3457 0006172 231.7391 228.6829  1.00275253 58951
AMC-2 (GE-2)            
1 24713U 97002A   13022.81814456  .00000118  00000-0  10000-3 0  5484
2 24713   1.1445  75.8688 0004904 222.7245 137.2430  1.00273793  9356
INTELSAT 26 (IS-26)     
1 24732U 97007A   13024.69352434  .00000000  00000-0  10000-3 0  3311
2 24732   4.5756  64.1261 0003926 206.8767 153.1246  1.00273164 58181
INTELSAT 801 (IS-801)   
1 24742U 97009A   13023.22696380 -.00000218  00000-0  10000-3 0  2505
2 24742   3.8020  66.7450 0004135 250.0131 218.1391  1.00269969 58276
DFH 3-2                 
1 24798U 97021A   13024.57879341  .00000000  00000-0  10000-3 0  1449
2 24798   8.0305  54.7882 0010111 352.7781   7.2625  1.00166830 57547
THOR II                 
1 24808U 97025A   13024.77175072 -.00000173  00000-0  10000-3 0  2686
2 24808   3.8610  64.1415 0003730 237.4082  42.8714  0.98972196 57450
GALAXY 25 (G-25)        
1 24812U 97026A   13024.38995914 -.00000162  00000-0  00000+0 0  5534
2 24812   0.0027  35.9461 0003147 267.6606 227.5303  1.00271735 57419
INMARSAT 3-F4           
1 24819U 97027A   13023.32486662 -.00000288  00000-0  10000-3 0  4364
2 24819   2.7113  68.9586 0005014 235.3716 241.4363  1.00271675 57362
SUPERBIRD-A3            
1 24880U 97036A   13024.78691444 -.00000256  00000-0  10000-3 0  4195
2 24880   3.6921  66.9219 0001988  26.6239  46.9459  1.00270532 56695
ABS-3 (AGILA 2)         
1 24901U 97042A   13023.30478225 -.00000029  00000-0  10000-3 0  7880
2 24901   1.7226  75.0875 0005028 225.0992 289.2085  1.00272237 56506
INTELSAT 5 (IS-5)       
1 24916U 97046A   13023.83854387 -.00000347  00000-0  10000-3 0  4605
2 24916   0.2767  79.5048 0003455 225.4520 250.2772  1.00129013 56571
METEOSAT-7              
1 24932U 97049B   13023.86852503  .00000059  00000-0  10000-3 0  4684
2 24932   8.1461  53.8254 0002147 206.0758 233.5203  1.00270158 56396
AMC-3 (GE-3)            
1 24936U 97050A   13024.44781301 -.00000272  00000-0  10000-3 0  5164
2 24936   0.0356 289.0650 0002880 353.1095 295.9353  1.00272407 56396
NSS-5                   
1 24957U 97053A   13023.74306119  .00000112  00000-0  00000+0 0  4955
2 24957   0.5881  78.7866 0003834 215.9004 146.5082  1.00271540 56188
ECHOSTAR 3              
1 25004U 97059A   13024.23712933 -.00000281  00000-0  10000-3 0  4093
2 25004   0.0222 337.2615 0001855 331.6963 198.3077  1.00270439 56097
INDOSTAR 1              
1 25050U 97071B   13023.81830516 -.00000267  00000-0  00000+0 0  8823
2 25050   6.5579  58.4822 0001456 302.2936 152.9280  1.00194899 55701
JCSAT-1B                
1 25067U 97075A   13024.53147752 -.00000203  00000-0  10000-3 0  7327
2 25067   2.4780  70.8430 0005226 232.5342 161.9477  1.00272740 55515
ASTRA 1G                
1 25071U 97076A   13024.56855293  .00000000  00000-0  10000-3 0  2624
2 25071   0.0330 322.4043 0002459 327.6120  70.2207  1.00273689 54746
HGS-1 (ASIASAT 3)       
1 25126U 97086A   13022.06235573 -.00000274  00000-0  10000-3 0  7238
2 25126   4.6624  78.8581 0045275 270.9475  88.4457  1.00191663 56075
BRASILSAT B3            
1 25152U 98006A   13024.39833650 -.00000215  00000-0  10000-3 0  7794
2 25152   0.8345  80.4436 0001067 137.9710 328.3344  1.00159794 54916
INMARSAT 3-F5           
1 25153U 98006B   13024.04720074  .00000140  00000-0  10000-3 0  4526
2 25153   0.3111   3.3041 0004303 284.2640 237.6556  1.00269895 54879
EUTELSAT 16B            
1 25237U 98013A   13024.02418462  .00000102  00000-0  10000-3 0  5462
2 25237   1.1208  77.0808 0005690 224.4111 206.5129  1.00275288 54915
NSS-806                 
1 25239U 98014A   13023.32518678 -.00000261  00000-0  10000-3 0   278
2 25239   0.0167 350.0446 0003438 305.4049 263.9163  1.00271550 54664
NILESAT 101             
1 25311U 98024A   13024.18961847 -.00000058  00000-0  10000-3 0  3799
2 25311   0.1295  71.9041 0005159 256.1593 216.8634  1.00272575 54271
COSMOS 2350             
1 25315U 98025A   13021.58898042 -.00000086  00000-0  10000-3 0  7976
2 25315  10.1815  46.8459 0007415  22.4869 337.5803  1.00258561 53979
CHINASAT 5A (ZX 5A)     
1 25354U 98033A   13024.86796858 -.00000207  00000-0  10000-3 0  6372
2 25354   0.0159 100.2931 0003119 197.1190 226.9449  1.00273204 58248
THOR III                
1 25358U 98035A   13024.71856853 -.00000039  00000-0  10000-3 0  1372
2 25358   2.4041  71.1032 0002590 226.2930  81.1531  1.00273263 53663
INTELSAT 805 (IS-805)   
1 25371U 98037A   13024.72315575 -.00000285  00000-0  10000-3 0   531
2 25371   0.0468 248.4135 0003334  55.7004  24.8974  1.00271649 53517
CHINASAT 5B (ZX 5B)     
1 25404U 98044A   13024.24166736 -.00000290  00000-0  10000-3 0  1230
2 25404   1.1797  75.2355 0004745 215.8873  62.1339  1.00094080 53366
ST-1                    
1 25460U 98049A   13023.78154481 -.00000213  00000-0  10000-3 0  3966
2 25460   1.2417  75.8977 0004155 229.9657 186.8863  1.00271405 52829
ASTRA 2A                
1 25462U 98050A   13023.81455453  .00000150  00000-0  00000+0 0  5323
2 25462   0.0450 125.6697 0001010  61.2271 257.7857  1.00272290 52817
INTELSAT 7 (IS-7)       
1 25473U 98052A   13024.57562052  .00000000  00000-0  10000-3 0  5436
2 25473   0.0203  18.7165 0003049 287.6214  93.5742  1.00270191 52606
SIRIUS 3                
1 25492U 98056B   13021.17860429  .00000103  00000-0  10000-3 0  2164
2 25492   3.4919  67.6008 0001269 211.7660 316.7853  1.00271548 52455
EUTELSAT 25A            
1 25495U 98057A   13024.79468262  .00000143  00000-0  10000-3 0  4478
2 25495   0.1202  67.5580 0005448 241.1517 127.1186  1.00271591 52408
AFRISTAR                
1 25515U 98063A   13024.80315645  .00000127  00000-0  10000-3 0  1677
2 25515   0.5492  76.7704 0004317 221.4960 136.0909  1.00273130 52181
AMC-5 (GE-5)            
1 25516U 98063B   13023.45997010 -.00000227  00000-0  10000-3 0  1593
2 25516   2.2524  72.1416 0004738 226.5630 268.8818  1.00270814 52206
INTELSAT 8 (IS-8)       
1 25522U 98065A   13022.51451696 -.00000031  00000-0  10000-3 0  3138
2 25522   0.0290 250.8050 0002936  46.2074 179.2009  1.00272739 52154
BONUM-1                 
1 25546U 98068A   13023.82821633  .00000078  00000-0  10000-3 0  3033
2 25546   1.1308  77.6256 0002743 191.2875 208.5229  1.00272235 51993
SATMEX 5                
1 25558U 98070A   13022.40084933 -.00000013  00000-0  10000-3 0   976
2 25558   0.0159  14.8496 0002175 273.5065 221.0324  1.00272713 51976
GALAXY 26 (G-26)        
1 25626U 99005A   13024.78654780  .00000115  00000-0  10000-3 0  1217
2 25626   0.0387 265.8676 0003197  34.9303 156.5934  1.00273020 51096
JCSAT-4A                
1 25630U 99006A   13023.53457197 -.00000356  00000-0  10000-3 0  1463
2 25630   0.0557 245.1538 0001842 179.2434  15.0087  1.00269608 50949
SKYNET 4E               
1 25639U 99009B   13024.72845419  .00000143  00000-0  10000-3 0  2908
2 25639   8.0484  42.2810 0003290 250.8670 125.6721  1.00277062 50992
ASIASAT 3S              
1 25657U 99013A   13023.96939356  .00000000  00000-0  10000-3 0  4029
2 25657   0.0133 249.7586 0001995  64.0867 264.0602  1.00267423 46522
EUTELSAT 21A            
1 25673U 99018A   13024.84863154  .00000125  00000-0  10000-3 0  5289
2 25673   0.1841  81.4912 0018583 260.5965 135.5754  1.00278456 50549
NIMIQ 1                 
1 25740U 99027A   13024.13624067 -.00000174  00000-0  00000+0 0  2438
2 25740   0.1784  75.5468 0006382 257.2923 108.6938  1.00272552 50154
ASTRA 1H                
1 25785U 99033A   13023.82207311  .00000000  00000-0  10000-3 0  1800
2 25785   0.5729  79.5249 0001093  40.1159 318.9884  1.00271432 47463
TELKOM 1                
1 25880U 99042A   13024.03036596  .00000000  00000-0  10000-3 0  4505
2 25880   0.0075 219.8511 0001744  78.0009 304.5245  1.00264243 49349
ABS-7                   
1 25894U 99046A   13024.06828388  .00000000  00000-0  10000-3 0  2671
2 25894   0.0345 244.8359 0000990  93.8598 285.2929  1.00264344 46121
GALAXY 27 (G-27)        
1 25922U 99052A   13023.81572604  .00000136  00000-0  10000-3 0  1690
2 25922   0.0192  38.2796 0002361 274.7666 148.9923  1.00274592 48838
ABS-1                   
1 25924U 99053A   13024.85611199 -.00000087  00000-0  10000-3 0  2902
2 25924   0.0404 242.9941 0001194  22.6600 241.8489  1.00274216 48869
DIRECTV 1R              
1 25937U 99056A   13024.85416213  .00000079  00000-0  00000+0 0  4300
2 25937   0.5731  76.2651 0001489 217.6959 193.6432  1.00274126 48724
TELSTAR 12 (ORION 2)    
1 25949U 99059A   13024.11346720 -.00000119  00000-0  00000+0 0  2685
2 25949   0.0530 256.7033 0002939  41.2600 211.4643  1.00272005 48584
AMC-4 (GE-4)            
1 25954U 99060A   13024.11449826 -.00000272  00000-0  10000-3 0  4658
2 25954   0.0288  50.4185 0001478 328.7509  78.6225  1.00272503 48431
GALAXY 11 (G-11)        
1 26038U 99071A   13024.21250190 -.00000285  00000-0  10000-3 0  5182
2 26038   0.0335 177.6392 0000655 146.2005 180.7248  1.00266414 48052
ZHONGXING-22            
1 26058U 00003A   13023.21192569 -.00000066  00000-0  10000-3 0  1627
2 26058   4.2396  63.0297 0002728 222.0901 137.8797  0.97321801 47643
HISPASAT 1C             
1 26071U 00007A   13023.32542309 -.00000216  00000-0  00000+0 0  9045
2 26071   0.0360  42.6227 0004189 283.6092 243.6897  1.00270122 47580
GARUDA 1                
1 26089U 00011A   13023.95487269  .00000000  00000-0  10000-3 0  1060
2 26089   1.1534 230.2384 0002367  99.6020 260.3580  1.00269844 47163
SUPERBIRD-B2            
1 26095U 00012A   13024.65102900 -.00000092  00000-0  10000-3 0  4078
2 26095   0.0482 245.1834 0002468  60.3579 214.9321  1.00272384 47432
EXPRESS-A2              
1 26098U 00013A   13023.73094962 -.00000323  00000-0  10000-3 0  8798
2 26098   6.2454  59.5521 0018827  88.8882 340.4553  1.00265882 47134
ASIASTAR                
1 26107U 00016A   13024.41725370  .00000000  00000-0  10000-3 0  3394
2 26107   0.0201 332.0847 0004374 326.7299  80.2471  1.00265779 43381
EUTELSAT 16C            
1 26243U 00019A   13024.75486824  .00000095  00000-0  10000-3 0  1698
2 26243   1.0571  75.9397 0003662 198.8499 135.6743  1.00275653 46770
EUTELSAT 36A            
1 26369U 00028A   13023.98519648  .00000156  00000-0  10000-3 0  2231
2 26369   0.0650 353.0743 0004199 300.5349 220.5833  1.00273526 46426
TDRS 8                  
1 26388U 00034A   13024.61285270  .00000000  00000-0  10000-3 0  8123
2 26388   4.4335  73.6593 0003992 174.8368 185.1383  1.00261991 46133
COSMOS 2371             
1 26394U 00036A   13021.58225885 -.00000146  00000-0  10000-3 0  1913
2 26394   9.5212  50.4419 0002883   6.8838 353.1503  1.00275119 45962
ECHOSTAR 6              
1 26402U 00038A   13024.07095964 -.00000243  00000-0  10000-3 0  4006
2 26402   0.9664  77.3995 0002900 226.3363 128.5296  1.00271468 45907
INTELSAT 9 (IS-9)       
1 26451U 00043A   13024.32451620 -.00000269  00000-0  10000-3 0  9574
2 26451   0.2631  80.8161 0000934 227.5772 249.0717  1.00270095 45793
BRASILSAT B4            
1 26469U 00046A   13022.54885297 -.00000210  00000-0  10000-3 0  2141
2 26469   0.0694 229.5871 0002138  52.5539 313.4218  1.00268195 45569
NILESAT 102             
1 26470U 00046B   13024.19359998 -.00000057  00000-0  10000-3 0  8594
2 26470   0.0238 267.4903 0006637  29.1932 249.6789  1.00273185 45587
RADUGA-1 5              
1 26477U 00049A   13024.58727595  .00000000  00000-0  10000-3 0  5436
2 26477   9.3999  50.9457 0002917 354.1002   5.9558  1.00200388 45442
ASTRA 2B                
1 26494U 00054A   13024.10848831  .00000000  00000-0  10000-3 0  1814
2 26494   0.0279 227.7264 0004117  35.2239 287.8695  1.00272297 38020
AMC-7 (GE-7)            
1 26495U 00054B   13024.50567866  .00000097  00000-0  10000-3 0   731
2 26495   0.0203  13.3785 0003178 286.1655 229.4593  1.00273837 45309
NSS-11 (AAP-1)          
1 26554U 00059A   13023.96155166  .00000000  00000-0  10000-3 0  3071
2 26554   0.0071 303.5873 0002450   6.4088 267.6831  1.00262907 40978
N-SAT-110 (JCSAT-110)   
1 26559U 00060A   13024.54995557  .00000000  00000-0  10000-3 0  2539
2 26559   0.0221  87.7160 0000053 161.4046 182.9016  1.00266091 39265
AMC-6 (GE-6)            
1 26580U 00067A   13022.53090897 -.00000259  00000-0  10000-3 0  1761
2 26580   0.0434 287.4089 0003079   3.7201 310.0099  1.00270815 44918
INTELSAT 12 (IS-12)     
1 26590U 00068A   13023.81572593  .00000137  00000-0  10000-3 0  9608
2 26590   0.0137 345.5852 0003657 316.4414 159.9169  1.00273721 44855
INTELSAT 1R (IS-1R)     
1 26608U 00072A   13022.40014897 -.00000282  00000-0  10000-3 0  5850
2 26608   0.0338 208.8296 0000955  59.3412 307.7630  1.00271440 44683
ANIK F1                 
1 26624U 00076A   13024.06044017 -.00000074  00000-0  10000-3 0  9283
2 26624   0.0275 109.6992 0002749 221.5779  66.7152  1.00272288 44686
ASTRA 2D                
1 26638U 00081A   13024.04727697  .00000149  00000-0  00000+0 0  1564
2 26638   0.7391  80.6579 0000956 188.1365 259.7009  1.00274643 44393
AMC-8 (GE-8)            
1 26639U 00081B   13024.51785238  .00000105  00000-0  00000+0 0   754
2 26639   0.0515 274.3975 0002215  16.5540 240.4325  1.00265604 44368
TURKSAT 2A              
1 26666U 01002A   13024.48972970  .00000000  00000-0  10000-3 0  1733
2 26666   0.0240 267.3168 0004923  18.7495  56.2450  1.00273968 41552
SICRAL 1                
1 26694U 01005A   13024.83078133  .00000100  00000-0  10000-3 0  1678
2 26694   4.4198  64.3650 0003316 241.8863 133.2744  1.00274404 43861
SKYNET 4F               
1 26695U 01005B   13022.32913488 -.00000245  00000-0  10000-3 0  8175
2 26695   6.4964  49.5770 0002512 246.2382 270.5166  1.00272077 43817
EUTELSAT 28A            
1 26719U 01011A   13024.56377442  .00000000  00000-0  10000-3 0  3387
2 26719   0.0617 335.3699 0003214 311.6403  68.4446  1.00270596 40553
XM-2 (ROCK)             
1 26724U 01012A   13024.58532108 -.00000023  00000-0  10000-3 0  4239
2 26724   0.1029 275.7003 0003555  43.0333 260.7964  1.00272688 43503
XM-1 (ROLL)             
1 26761U 01018A   13024.09770883 -.00000023  00000-0  10000-3 0  2649
2 26761   0.0965 244.7389 0003609 347.4607 171.2879  1.00273666 42978
INTELSAT 10 (IS-10)     
1 26766U 01019A   13024.73775005  .00000000  00000-0  10000-3 0  1785
2 26766   0.0196 100.7411 0002980 315.6005  20.9351  1.00271182 42624
INTELSAT 901 (IS-901)   
1 26824U 01024A   13024.11339096 -.00000141  00000-0  10000-3 0  9969
2 26824   0.0101 355.6004 0003645 303.1946 207.5981  1.00272361 42621
ASTRA 2C                
1 26853U 01025A   13018.00000000  .00000114  00000-0  00000+0 0  9743
2 26853   0.0680   7.9580 0003776 319.9720 168.8100  1.00272263 42501
ARTEMIS                 
1 26863U 01029A   13024.73877497  .00000000  00000-0  10000-3 0  4280
2 26863  10.3570  51.5995 0002909 267.0312  92.9949  1.00273480 43361
GOES 12                 
1 26871U 01031A   13022.32850980 -.00000286  00000-0  10000-3 0  9050
2 26871   2.7397  70.7498 0002837 258.1992 210.6083  1.00256882 42193
INTELSAT 902 (IS-902)   
1 26900U 01039A   13024.84804416  .00000033  00000-0  10000-3 0   323
2 26900   0.0164   8.9346 0003195 287.8747 194.7998  1.00273669 41805
EUTELSAT 8 WEST A       
1 26927U 01042A   13024.11364252 -.00000067  00000-0  10000-3 0  7881
2 26927   0.0560   6.0997 0006651  12.1240 138.0963  1.00272677 41533
DIRECTV 4S              
1 26985U 01052A   13021.27776356 -.00000114  00000-0  10000-3 0  9944
2 26985   0.0177  84.0218 0001498 192.0972 203.4873  1.00271356 40918
INSAT-3C                
1 27298U 02002A   13024.62141769 -.00000077  00000-0  10000-3 0  9234
2 27298   0.0538  63.4185 0001494 257.2515 101.0547  1.00265593 40258
ECHOSTAR 7              
1 27378U 02006A   13022.37228538 -.00000000  00000-0  10000-3 0  1684
2 27378   0.0247 299.1653 0001611 332.9247 224.9733  1.00270857 39996
INTELSAT 904 (IS-904)   
1 27380U 02007A   13024.57575088  .00000000  00000-0  10000-3 0   652
2 27380   0.0288   9.6615 0002873 290.2545  91.4425  1.00272580 40008
TDRS 9                  
1 27389U 02011A   13023.32517154 -.00000262  00000-0  10000-3 0   671
2 27389   2.0071 119.4155 0013629 255.1411 184.2871  1.00278473 41386
JCSAT-2A                
1 27399U 02015A   13024.33623153  .00000000  00000-0  10000-3 0  8953
2 27399   0.0235  20.5854 0001502 268.6278 109.5651  1.00266358 39711
ASTRA 3A                
1 27400U 02015B   13022.81826653  .00000137  00000-0  00000+0 0  7132
2 27400   0.6186  77.3900 0005171 195.6016 167.5608  1.00274011 39702
INTELSAT 903 (IS-903)   
1 27403U 02016A   13021.15745892 -.00000239  00000-0  10000-3 0  7754
2 27403   0.0064  20.7633 0003200 279.6866 202.3929  1.00271754 39677
NSS-7                   
1 27414U 02019A   13022.09763100 -.00000155  00000-0  00000+0 0   659
2 27414   0.0189 311.7238 0002090 358.6147 186.3813  1.00271395 39514
DIRECTV 5 (TEMPO 1)     
1 27426U 02023A   13024.32282391 -.00000056  00000-0  10000-3 0   827
2 27426   0.0021 247.9556 0003639  56.5422 185.3789  1.00272260 39271
INTELSAT 905 (IS-905)   
1 27438U 02027A   13022.09880653 -.00000185  00000-0  00000+0 0  6140
2 27438   0.0169 281.1997 0003155   0.0386 211.4198  1.00272522 39009
EXPRESS-A4              
1 27441U 02029A   13022.27212598 -.00000115  00000-0  10000-3 0  1810
2 27441   3.0289  69.2734 0000691 293.9639 202.5088  1.00271253 38906
GALAXY 3C (G-3C)        
1 27445U 02030A   13024.13599701 -.00000151  00000-0  10000-3 0  7239
2 27445   0.0101 146.2104 0000161 244.8451  46.4407  1.00273020 38900
EUTELSAT 5 WEST A       
1 27460U 02035A   13023.88182135 -.00000042  00000-0  10000-3 0  8534
2 27460   0.0461 326.8010 0004745 331.1938 137.8091  1.00271834 38691
N-STAR C                
1 27461U 02035B   13022.70757965 -.00000308  00000-0  10000-3 0  5851
2 27461   1.4408  76.6591 0002069 195.4649 240.8007  1.00270779 38687
EUTELSAT HOT BIRD 13A   
1 27499U 02038A   13024.70441635  .00000087  00000-0  00000+0 0  2430
2 27499   0.0818 267.6442 0005377  20.3267 102.7757  1.00273696 38210
ECHOSTAR 8              
1 27501U 02039A   13024.07095804 -.00000242  00000-0  10000-3 0  1559
2 27501   0.0215  59.2754 0002860 251.3441 121.5501  1.00271056 38225
EUTELSAT 12 WEST A      
1 27508U 02040A   13024.11352818 -.00000100  00000-0  10000-3 0  9599
2 27508   0.0656 340.9126 0004454 350.3812 180.6462  1.00272997 38202
METEOSAT-8 (MSG-1)      
1 27509U 02040B   13022.12161980  .00000059  00000-0  10000-3 0  2132
2 27509   1.8213  62.0470 0000593 159.5169 313.1096  1.00266672 38185
INTELSAT 906 (IS-906)   
1 27513U 02041A   13024.55265934  .00000000  00000-0  10000-3 0  8065
2 27513   0.0187 346.6505 0002884 293.3294 107.1560  1.00271308 37887
KODAMA (DRTS)           
1 27516U 02042B   13024.60704049  .00000000  00000-0  10000-3 0   736
2 27516   1.9059  73.4567 0002367 222.6815 137.1614  1.00265910 38045
KALPANA-1 (METSAT 1)    
1 27525U 02043A   13024.63924477  .00000000  00000-0  10000-3 0  6184
2 27525   3.3450  68.1999 0006383 208.0911 151.8553  1.00268634 38000
HISPASAT 1D             
1 27528U 02044A   13023.32542309 -.00000216  00000-0  00000+0 0  7088
2 27528   0.0533 291.5904 0006281  15.1050 263.2647  1.00272617 37923
EUTELSAT 70A            
1 27554U 02051A   13024.62836758  .00000106  00000-0  10000-3 0  7782
2 27554   0.0537 304.4132 0001745 279.8826 185.0907  0.99878146 37334
TDRS 10                 
1 27566U 02055A   13024.56687854  .00000084  00000-0  10000-3 0  7867
2 27566   2.0061  64.7358 0011858 200.4610 248.5735  1.00278077 37215
NSS-6                   
1 27603U 02057A   13024.39322574  .00000000  00000-0  10000-3 0  6246
2 27603   0.0200 274.2020 0002547  24.8073  61.3674  1.00266174 37072
NIMIQ 2                 
1 27632U 02062A   13022.53057252 -.00000173  00000-0  00000+0 0  5949
2 27632   0.0351 199.0082 0003223  73.0871 309.7835  1.00270769 36901
INTELSAT 907 (IS-907)   
1 27683U 03007A   13023.23130159 -.00000202  00000-0  10000-3 0  3767
2 27683   0.0180   2.1303 0003378 307.5009 228.8335  1.00271620 36426
INSAT-3A                
1 27714U 03013A   13023.81250759 -.00000258  00000-0  10000-3 0  5013
2 27714   0.0160  90.3766 0005970 199.5086 219.3942  1.00271852 35903
GALAXY 12 (G-12)        
1 27715U 03013B   13024.16652894  .00000059  00000-0  10000-3 0  6502
2 27715   0.0124  90.6502 0002308 206.9481 116.9714  1.00273434 35951
ASIASAT 4               
1 27718U 03014A   13024.48272047  .00000000  00000-0  10000-3 0  2332
2 27718   0.0271  61.9788 0000435 141.0467 216.7785  1.00265284 34866
HELLAS-SAT 2            
1 27811U 03020A   13022.81867054  .00000152  00000-0  10000-3 0  5405
2 27811   0.0267 274.7304 0003797  23.3695 157.8978  1.00271231 35423
BEIDOU 1C               
1 27813U 03021A   13023.81444780  .00000073  00000-0  10000-3 0  8142
2 27813   2.0318  76.3046 0000840 283.0783  81.1411  0.99776488 35457
AMC-9 (GE-12)           
1 27820U 03024A   13024.32354809 -.00000215  00000-0  00000+0 0  6919
2 27820   0.0375 266.0652 0003429  40.2954 210.8893  1.00271589 35311
THURAYA-2               
1 27825U 03026A   13024.58154753  .00000000  00000-0  10000-3 0  3834
2 27825   3.4077  17.2768 0004711 265.1872  94.9954  1.00272367 35356
BSAT-2C                 
1 27830U 03028A   13024.06864631  .00000000  00000-0  10000-3 0  6853
2 27830   0.0895 252.2159 0004109   8.6532 357.2207  1.00267367950112
OPTUS C1                
1 27831U 03028B   13023.53140125  .00000000  00000-0  10000-3 0  7626
2 27831   0.0210 178.1600 0003193  93.2420 198.8855  1.00267467 35268
ECHOSTAR 12 (RAINBOW 1) 
1 27852U 03033A   13024.23712872 -.00000282  00000-0  10000-3 0  7002
2 27852   0.0147 341.0640 0002143   1.8285 164.8352  1.00271603 34938
GALAXY 23 (G-23)        
1 27854U 03034A   13024.78430734  .00000013  00000-0  10000-3 0  6425
2 27854   0.0198  27.0177 0003192 271.0089 347.5649  1.00273392 34712
EUTELSAT 33A            
1 27948U 03043A   13023.81468411  .00000156  00000-0  10000-3 0  8021
2 27948   0.0452 330.2226 0001520 206.9374 272.4731  1.00271883 34272
INSAT-3E                
1 27951U 03043E   13024.07333664  .00000000  00000-0  10000-3 0  5963
2 27951   0.0140 264.8170 0004285  31.0042 269.2602  1.00274368 33518
GALAXY 13 (HORIZONS-1)  
1 27954U 03044A   13022.37697406  .00000048  00000-0  00000+0 0  4994
2 27954   0.0176  72.8545 0000302  51.0762   6.6315  1.00274006 34176
ZHONGXING-20            
1 28082U 03052A   13023.84080418 -.00000292  00000-0  10000-3 0  8102
2 28082   0.2369  78.2539 0005282 251.6582 194.2121  1.00270905 33721
YAMAL 202               
1 28089U 03053A   13023.99219656  .00000120  00000-0  10000-3 0  6741
2 28089   0.0384 253.4150 0003201  57.3082 218.8809  1.00273360 33649
YAMAL 201               
1 28094U 03053B   13022.83638662 -.00000228  00000-0  10000-3 0  1195
2 28094   0.0400 257.2532 0002604  38.7964 217.3019  1.00271312 35800
AMOS-2                  
1 28132U 03059A   13024.11374162 -.00000034  00000-0  10000-3 0  4467
2 28132   0.0324  64.3213 0003577 230.4598 225.7561  1.00272806 33335
EXPRESS-AM22 (SESAT 2)  
1 28134U 03060A   13024.62786616  .00000098  00000-0  10000-3 0  8056
2 28134   0.0083 154.3507 0001881 209.0127  39.7427  1.00272737 33260
AMC-10 (GE-10)          
1 28154U 04003A   13023.59126558  .00000088  00000-0  10000-3 0  6994
2 28154   0.0401 273.6412 0003168  30.4153 256.8450  1.00272861 32873
MBSAT                   
1 28184U 04007A   13024.67883793 -.00000250  00000-0  10000-3 0  5634
2 28184   0.0121 320.2686 0001998 340.0436 212.2521  1.00271339 32571
EUTELSAT 7A             
1 28187U 04008A   13022.02948226  .00000048  00000-0  10000-3 0  4934
2 28187   0.0638   0.9212 0004084 299.5046 198.7081  1.00273568 32506
DIRECTV 7S              
1 28238U 04016A   13024.10677928  .00000000  00000-0  10000-3 0  6704
2 28238   0.0329  33.8189 0002906 264.5581 104.5849  1.00271111 32032
AMC-11 (GE-11)          
1 28252U 04017A   13024.32225219  .00000069  00000-0  10000-3 0  3743
2 28252   0.0171 355.9096 0002503 290.1735 182.7202  1.00274202 31828
INTELSAT 10-02          
1 28358U 04022A   13023.79648847  .00000000  00000-0  10000-3 0  4603
2 28358   0.0623  46.9393 0000296 237.8561 124.2391  1.00270319 30336
APSTAR 5 (TELSTAR 18)   
1 28364U 04024A   13022.70506127 -.00000294  00000-0  10000-3 0  5388
2 28364   0.0350 244.6205 0002374  44.3040 225.0796  1.00270791 31548
ANIK F2                 
1 28378U 04027A   13024.58926907 -.00000049  00000-0  10000-3 0  2303
2 28378   0.0284  11.7630 0000348 230.1606 343.1787  1.00272370 31307
AMAZONAS 1              
1 28393U 04031A   13024.09506498 -.00000282  00000-0  10000-3 0   824
2 28393   0.0241 357.0257 0004461 325.9638 133.7687  1.00269583 31074
AMC-15                  
1 28446U 04041A   13024.14893495 -.00000088  00000-0  10000-3 0  6769
2 28446   0.0257 288.2481 0002184   8.7660 135.1590  1.00271845 30347
FENGYUN 2C              
1 28451U 04042A   13024.49006346  .00000000  00000-0  10000-3 0  5992
2 28451   4.4422  63.8703 0003168  23.1777 336.8537  1.00272043 30265
EXPRESS-AM1             
1 28463U 04043A   13024.77784883  .00000148  00000-0  10000-3 0  4673
2 28463   2.3144  71.2124 0001391 334.1022  38.9558  1.00273902 30178
AMC-16                  
1 28472U 04048A   13022.53334912 -.00000206  00000-0  10000-3 0  6548
2 28472   0.0340 287.8574 0002747   4.5541 296.6118  1.00271605 29749
NSS-10 (AMC-12)         
1 28526U 05003A   13022.32903579 -.00000250  00000-0  10000-3 0  1003
2 28526   0.0165  20.9069 0002904 282.4978 259.4501  1.00271766 29241
XTAR-EUR                
1 28542U 05005A   13024.21809650  .00000000  00000-0  10000-3 0  1369
2 28542   0.0023 296.7836 0001469  17.9745 276.4904  1.00273907 28575
HIMAWARI-6 (MTSAT-1R)   
1 28622U 05006A   13023.52835164 -.00000280  00000-0  10000-3 0  8101
2 28622   0.0132 205.5923 0002268  71.3261 176.3027  1.00270004 28956
XM-3 (RHYTHM)           
1 28626U 05008A   13024.05698308 -.00000205  00000-0  10000-3 0  3138
2 28626   0.0238 253.7852 0000394  34.1733 130.9631  1.00271786 29015
INMARSAT 4-F1           
1 28628U 05009A   13024.65662626 -.00000255  00000-0  10000-3 0  7118
2 28628   2.5709 348.4917 0002950 313.7209 201.7789  1.00271466 28638
EXPRESS-AM2             
1 28629U 05010A   13024.66414034 -.00000135  00000-0  10000-3 0  1469
2 28629   0.0424 252.3601 0001002  25.6392 165.2140  1.00271761 28664
APSTAR 6                
1 28638U 05012A   13023.86127441 -.00000317  00000-0  10000-3 0  4730
2 28638   0.0262  71.7162 0002167 235.1804 260.5028  1.00272617 53368
SPACEWAY 1              
1 28644U 05015A   13021.58737823 -.00000103  00000-0  10000-3 0  5439
2 28644   0.0355 236.9466 0000470 333.2194  19.4549  1.00271679 28433
DIRECTV 8               
1 28659U 05019A   13024.34692498 -.00000115  00000-0  10000-3 0  6179
2 28659   0.0156   1.3759 0003566 304.7347 201.7226  1.00272311 28138
GALAXY 28 (G-28)        
1 28702U 05022A   13024.32338801 -.00000185  00000-0  10000-3 0  4068
2 28702   0.0296  71.9315 0002142  98.0367 341.2165  1.00271381 27842
EXPRESS-AM3             
1 28707U 05023A   13023.53500647 -.00000281  00000-0  10000-3 0  9191
2 28707   0.0268 262.0324 0004001  74.2508 119.2181  1.00268895 27801
THAICOM 4               
1 28786U 05028A   13022.71643024 -.00000362  00000-0  10000-3 0  1292
2 28786   0.0163  49.8345 0002602 246.7372 203.0319  1.00271677 27331
GALAXY 14 (G-14)        
1 28790U 05030A   13024.13845192  .00000037  00000-0  10000-3 0  4536
2 28790   0.0154   0.0546 0002424 296.1379 112.2610  1.00274154 27255
ANIK F1R                
1 28868U 05036A   13024.06044091 -.00000074  00000-0  10000-3 0  1314
2 28868   0.0218  45.8889 0001612 252.1563  99.9170  1.00272138 27100
GALAXY 15 (G-15)        
1 28884U 05041A   13021.36610578  .00000078  00000-0  10000-3 0  4380
2 28884   0.0124 329.2357 0001228 299.5274 210.9030  1.00273031 26652
SYRACUSE 3A             
1 28885U 05041B   13023.65482294  .00000000  00000-0  10000-3 0  2559
2 28885   0.0235  37.7971 0001634 294.4052  73.6795  1.00272296 26483
INMARSAT 4-F2           
1 28899U 05044A   13022.81830464  .00000141  00000-0  10000-3 0  5504
2 28899   2.2642 345.4976 0002828 313.5103 142.9573  1.00273363 26440
TELKOM 2                
1 28902U 05046A   13024.66197490 -.00000362  00000-0  10000-3 0  2616
2 28902   0.0244 217.8324 0001426  96.3956 166.2057  1.00271392 26360
SPACEWAY 2              
1 28903U 05046B   13023.54662341 -.00000126  00000-0  10000-3 0  4075
2 28903   0.0212 214.3255 0000203  36.4896 329.8745  1.00271888 26430
INSAT-4A                
1 28911U 05049A   13023.79964479 -.00000165  00000-0  10000-3 0  5244
2 28911   0.0619  85.7154 0007051 192.2584 216.1593  1.00272324 26032
METEOSAT-9 (MSG-2)      
1 28912U 05049B   13022.26882936  .00000039  00000-0  10000-3 0  3903
2 28912   0.3769   2.2255 0002325 115.9957 102.9008  1.00411920 26033
EUTELSAT 172A (GE-23)   
1 28924U 05052A   13023.57717289 -.00000006  00000-0  10000-3 0  3223
2 28924   0.0448 268.7659 0003069  24.9662 209.0945  1.00273032 25928
ECHOSTAR 10             
1 28935U 06003A   13024.32282391 -.00000055  00000-0  10000-3 0  5582
2 28935   0.0193 318.4604 0000929 335.2170 196.1038  1.00272159 25461
MTSAT-2                 
1 28937U 06004A   13024.17514983  .00000000  00000-0  10000-3 0  3243
2 28937   0.0277 272.9287 0003466  48.3466  10.4220  1.00266167 22680
SPAINSAT                
1 28945U 06007A   13024.11308604 -.00000216  00000-0  00000+0 0  9791
2 28945   0.0499 241.5217 0004833  32.5417 220.2324  1.00272653 25204
EUTELSAT 9A             
1 28946U 06007B   13023.04949216  .00000062  00000-0  10000-3 0   652
2 28946   0.0247  56.4187 0005207 237.7579 215.1468  1.00272588 25242
JCSAT-5A                
1 29045U 06010A   13024.39927863  .00000000  00000-0  10000-3 0  1091
2 29045   0.0136   7.9806 0002567 222.1282 169.4906  1.00265057 19406
ASTRA 1KR               
1 29055U 06012A   13018.00000000  .00000114  00000-0  00000+0 0  5691
2 29055   0.0970 271.0970 0004581 351.4660 234.2210  1.00275407 24756
GOES 13                 
1 29155U 06018A   13023.36440068 -.00000250  00000-0  10000-3 0  3892
2 29155   0.3396  93.4620 0001147 335.8490 110.0437  1.00273602 24456
SATMEX 6                
1 29162U 06020A   13022.07208605 -.00000038  00000-0  10000-3 0   160
2 29162   0.0428 254.8093 0002005  32.2289 107.4784  1.00272365 24407
THAICOM 5               
1 29163U 06020B   13024.09490271  .00000000  00000-0  10000-3 0  3236
2 29163   0.0097 234.9467 0004768  33.0485 328.2055  1.00267849 24493
GALAXY 16 (G-16)        
1 29236U 06023A   13022.32750358 -.00000127  00000-0  10000-3 0  3779
2 29236   0.0197  89.0692 0002976 213.4332 198.2060  1.00272080 24199
EUTELSAT HOT BIRD 13B   
1 29270U 06032A   13024.65507690  .00000000  00000-0  10000-3 0  9858
2 29270   0.0650 357.7893 0004500 332.0969  43.0681  1.00271818 23191
JCSAT-3A                
1 29272U 06033A   13022.54871920 -.00000345  00000-0  10000-3 0  1447
2 29272   0.0132  26.6211 0002082 266.1506 154.7993  1.00270662 23698
SYRACUSE 3B             
1 29273U 06033B   13022.32970843 -.00000044  00000-0  10000-3 0   713
2 29273   0.0200  76.7521 0003562 223.7227 294.8259  1.00273003 23679
KOREASAT 5 (MUGUNGWHA 5)
1 29349U 06034A   13023.81787885 -.00000358  00000-0  10000-3 0  1646
2 29349   0.0205  68.9796 0001472 219.3657 242.4242  1.00270940 23589
ZHONGXING-22A           
1 29398U 06038A   13024.56777486  .00000000  00000-0  10000-3 0  8687
2 29398   2.7349  69.9612 0001685 278.8697  81.0589  1.00265104 23384
DIRECTV 9S              
1 29494U 06043A   13023.35405666 -.00000113  00000-0  10000-3 0  2741
2 29494   0.0174  85.5792 0002913 200.9206 222.6737  1.00271251 23049
OPTUS D1                
1 29495U 06043B   13023.65045516 -.00000110  00000-0  10000-3 0  1330
2 29495   0.0113  31.1818 0003153 278.8799 207.2184  1.00273130 23084
XM-4 (BLUES)            
1 29520U 06049A   13022.41779185 -.00000023  00000-0  10000-3 0  9852
2 29520   0.0128 281.4321 0000375 340.3597 255.2631  1.00273565 22937
BADR-4                  
1 29526U 06051A   13024.55417066  .00000000  00000-0  10000-3 0  1378
2 29526   0.0398 315.5221 0005067 341.9854  52.0506  1.00273372 22745
FENGYUN 2D              
1 29640U 06053A   13024.63032352 -.00000199  00000-0  10000-3 0  5955
2 29640   1.2950  72.7497 0002601 314.6260  50.3433  1.00262566 22513
WILDBLUE-1              
1 29643U 06054A   13023.27973462 -.00000049  00000-0  10000-3 0  8692
2 29643   0.0259  88.9556 0001548 202.0621 181.2713  1.00272422 22483
AMC-18                  
1 29644U 06054B   13022.60181257 -.00000089  00000-0  10000-3 0  2599
2 29644   0.0287 264.6547 0002936  18.2306 310.8827  1.00271232 22481
MEASAT-3                
1 29648U 06056A   13023.54842541  .00000000  00000-0  10000-3 0  9442
2 29648   0.0245  50.2659 0002218 232.0222 129.6226  1.00265401 20408
KIKU-8 (ETS-VIII)       
1 29656U 06059A   13022.80508321 -.00000240  00000-0  10000-3 0   906
2 29656   2.4606  71.0834 0005661 242.2084 244.5711  1.00270325 22391
INSAT-4B                
1 30793U 07007A   13022.67847376 -.00000258  00000-0  10000-3 0  2108
2 30793   0.0700  73.1105 0001090 299.8001  86.9904  1.00272045 21513
SKYNET 5A               
1 30794U 07007B   13022.21261722  .00000040  00000-0  10000-3 0  9772
2 30794   0.0701 355.4041 0003364 294.5877 274.1960  1.00273031 21664
ANIK F3                 
1 31102U 07009A   13024.09217532  .00000000  00000-0  10000-3 0  1123
2 31102   0.0116 359.8821 0001401 231.9899 166.1827  1.00270601 21191
ASTRA 1L                
1 31306U 07016A   13018.00000000  .00000114  00000-0  00000+0 0  5171
2 31306   0.1070 288.7940 0005039   2.6710 205.3160  1.00274445 20965
GALAXY 17 (G-17)        
1 31307U 07016B   13022.53073539 -.00000174  00000-0  00000+0 0   747
2 31307   0.0129  65.9212 0002972 225.1583 290.9698  1.00270516 21007
EUTELSAT 3A             
1 31577U 07021A   13023.04933971  .00000021  00000-0  10000-3 0  5979
2 31577   0.0992 233.4134 0002370  94.5145 175.5297  1.00275084 20718
ZHONGXING-6B            
1 31800U 07031A   13024.42148605  .00000000  00000-0  10000-3 0  5926
2 31800   0.0204   0.2467 0002247 291.7729  99.0840  1.00264053 16212
DIRECTV 10              
1 31862U 07032A   13022.17860019 -.00000103  00000-0  10000-3 0   712
2 31862   0.0378 236.3225 0000673  14.3871 192.4517  1.00272098 20339
SPACEWAY 3              
1 32018U 07036A   13024.13600052 -.00000151  00000-0  10000-3 0  9843
2 32018   0.0119 241.2509 0000060  68.9012 127.4677  1.00272093 20079
BSAT-3A                 
1 32019U 07036B   13023.91161661  .00000000  00000-0  10000-3 0  8792
2 32019   0.0332 224.4765 0000707 351.6274 345.2450  1.00264275   513
INSAT-4CR               
1 32050U 07037A   13024.10193187  .00000000  00000-0  10000-3 0  1926
2 32050   0.0056 240.6768 0003922  40.6732 312.8573  1.00268471 19798
OPTUS D2                
1 32252U 07044A   13023.77444728  .00000000  00000-0  10000-3 0   974
2 32252   0.0170 257.5208 0002165  23.6633 272.7932  1.00265645 19472
INTELSAT 11 (IS-11)     
1 32253U 07044B   13024.32452383 -.00000268  00000-0  10000-3 0  7977
2 32253   0.0439 241.3413 0003458  74.4580 241.8061  1.00271777 19474
STAR ONE C1             
1 32293U 07056A   13023.44358139 -.00000276  00000-0  10000-3 0  8891
2 32293   0.0445 238.0347 0002321  72.9486 266.6203  1.00272149 19095
SKYNET 5B               
1 32294U 07056B   13024.54043431  .00000000  00000-0  10000-3 0    10
2 32294   0.0690 356.8229 0003616 290.3402  84.1528  1.00272463 18145
ASTRA 4A (SIRIUS 4)     
1 32299U 07057A   13022.02948226  .00000032  00000-0  10000-3 0  8702
2 32299   0.0115 307.5900 0002454 345.7127 203.6411  1.00273449 19010
RADUGA-1M 1             
1 32373U 07058A   13023.85121154 -.00000038  00000-0  00000+0 0  4686
2 32373   0.0269  84.5000 0001988 199.7260 215.5245  1.00272558 19671
HORIZONS-2              
1 32388U 07063B   13024.52438140  .00000000  00000-0  10000-3 0  9249
2 32388   0.0110 349.5332 0002862 322.7073  85.3660  1.00267862 18930
THURAYA-3               
1 32404U 08001A   13024.78176874 -.00000295  00000-0  10000-3 0    48
2 32404   4.7517 340.5793 0004898 313.2974 210.4356  1.00271773 18488
EXPRESS-AM33            
1 32478U 08003A   13024.58537959 -.00000280  00000-0  10000-3 0  4031
2 32478   0.0369 237.9002 0001294 199.0239 354.3258  1.00269879 18591
THOR 5                  
1 32487U 08006A   13023.96501534 -.00000009  00000-0  10000-3 0  9309
2 32487   0.0532 238.6416 0002336  66.8338 164.5964  1.00272503 18132
KIZUNA (WINDS)          
1 32500U 08007A   13023.53509032 -.00000258  00000-0  10000-3 0  8530
2 32500   0.1023 266.1907 0002759  43.4415 149.0010  1.00272086 18069
AMC-14                  
1 32708U 08011A   13019.80788456  .00000129  00000-0  10000-3 0   559
2 32708  15.9507  90.2492 0056575 355.2798 354.7975  1.00070793 19065
DIRECTV 11              
1 32729U 08013A   13022.20899751 -.00000126  00000-0  10000-3 0   258
2 32729   0.0189 177.9509 0000397 213.4831  66.2822  1.00271587 17861
ICO G1                  
1 32763U 08016A   13022.87426928 -.00000165  00000-0  10000-3 0  9694
2 32763   4.5376 339.4490 0003636 311.7432  53.0555  1.00271810 17538
VINASAT-1               
1 32767U 08018A   13022.62741911 -.00000329  00000-0  10000-3 0  8955
2 32767   0.0313 278.0515 0001342  22.0589 179.8012  1.00270666 17541
STAR ONE C2             
1 32768U 08018B   13024.32387588 -.00000265  00000-0  10000-3 0  8691
2 32768   0.0540  77.9001 0002549 235.6553 216.8376  1.00271680 17590
TIANLIAN I (CTDRS-1)    
1 32779U 08019A   13023.71886649 -.00000106  00000-0  10000-3 0  3787
2 32779   0.0605 265.6063 0005247 301.8828 251.4902  1.00270938 17413
AMOS-3                  
1 32794U 08022A   13022.20667013 -.00000035  00000-0  10000-3 0  7227
2 32794   0.0396 252.0532 0001883  33.3572 266.6553  1.00272258 17375
GALAXY 18 (G-18)        
1 32951U 08024A   13024.78848868  .00000025  00000-0  10000-3 0  7440
2 32951   0.0324 172.2819 0002980 127.4909 345.3301  1.00273735 17164
CHINASAT 9 (ZX 9)       
1 33051U 08028A   13023.71833395 -.00000247  00000-0  10000-3 0  3529
2 33051   0.0049 358.2962 0004915 304.8745 170.8085  1.00271395 16972
SKYNET 5C               
1 33055U 08030A   13022.26138469 -.00000140  00000-0  10000-3 0  7071
2 33055   0.0675 354.8550 0003203 285.0015 278.1581  1.00271883 16958
TURKSAT 3A              
1 33056U 08030B   13023.86364686  .00000146  00000-0  10000-3 0  7740
2 33056   0.0319  89.2674 0003056 216.1711 170.7999  1.00275403 17025
COSMOS 2440             
1 33108U 08033A   13023.61905075  .00000000  00000-0  10000-3 0   974
2 33108   1.7081  55.7226 0002823 347.6593  12.3514  1.00267074 16766
INTELSAT 25 (IS-25)     
1 33153U 08034A   13022.32918824 -.00000224  00000-0  10000-3 0  7918
2 33153   0.0222  22.8818 0002408 250.7183 295.2153  1.00272525 16673
BADR-6                  
1 33154U 08034B   13023.81450116  .00000145  00000-0  10000-3 0  8337
2 33154   0.0657  29.7608 0003868 300.1272 112.6268  1.00275811 16714
ECHOSTAR 11             
1 33207U 08035A   13022.36640434 -.00000057  00000-0  10000-3 0  9963
2 33207   0.0304 287.4048 0003174   9.9476 206.4156  1.00273303 16580
SUPERBIRD-C2            
1 33274U 08038A   13024.38854282  .00000000  00000-0  10000-3 0  9846
2 33274   0.0160  33.7724 0001719 258.0055 115.8670  1.00266778 16335
AMC-21                  
1 33275U 08038B   13022.27685568  .00000036  00000-0  10000-3 0  9098
2 33275   0.0178 345.6337 0001648 306.6245 164.2875  1.00273246 16403
INMARSAT 4-F3           
1 33278U 08039A   13024.14131934 -.00000136  00000-0  10000-3 0   265
2 33278   3.0082 345.4112 0003064 306.6808 144.7452  1.00271916 16283
NIMIQ 4                 
1 33373U 08044A   13022.32796095 -.00000220  00000-0  10000-3 0  7047
2 33373   0.0012  68.8846 0002432 227.5989 221.3867  1.00271474 15941
GALAXY 19 (G-19)        
1 33376U 08045A   13022.52193073 -.00000139  00000-0  10000-3 0  8174
2 33376   0.0213 118.6578 0003089 182.8415 271.3319  1.00272052 15893
VENESAT-1               
1 33414U 08055A   13024.32367769 -.00000237  00000-0  10000-3 0  1872
2 33414   0.0450 243.0617 0001320  56.4074 222.8385  1.00270824 15618
ASTRA 1M                
1 33436U 08057A   13018.00000000  .00000114  00000-0  00000+0 0  1034
2 33436   0.0150  76.9930 0002818 155.5940 264.1520  1.00271963 15420
CIEL-2                  
1 33453U 08063A   13024.16652700  .00000058  00000-0  10000-3 0  7728
2 33453   0.0110  14.4009 0003217 294.0631 106.2628  1.00273367 15121
EUTELSAT HOT BIRD 13C   
1 33459U 08065A   13023.81416575  .00000088  00000-0  10000-3 0  7571
2 33459   0.0497  48.2355 0001720 289.1867  91.9847  1.00276404 15192
EUTELSAT 28B            
1 33460U 08065B   13022.81838850  .00000150  00000-0  00000+0 0  6491
2 33460   0.0973 257.2154 0005263  43.4150 144.7535  1.00272933 15042
FENGYUN 2E              
1 33463U 08066A   13023.74605628 -.00000328  00000-0  10000-3 0  1121
2 33463   1.0107  41.1508 0001207  34.1373  60.7631  1.00263003 15048
EXPRESS-AM44            
1 33595U 09007A   13023.26742855 -.00000089  00000-0  10000-3 0   824
2 33595   0.0054 219.0248 0001033 177.0583 171.9269  1.00272335 14508
EXPRESS-MD1             
1 33596U 09007B   13024.66414086 -.00000136  00000-0  10000-3 0  1286
2 33596   0.0334 244.1658 0002772  40.0504 159.0972  1.00272148 14552
NSS-9                   
1 33749U 09008A   13021.79037672  .00000071  00000-0  10000-3 0  7946
2 33749   0.0248 306.5873 0002208 346.7195 295.4856  1.00272476 14486
EUTELSAT 3C             
1 33750U 09008B   13023.75604742  .00000021  00000-0  10000-3 0  8906
2 33750   0.0671 359.7903 0003046 274.8125 123.9121  1.00274923 14543
TELSTAR 11N             
1 34111U 09009A   13023.32525539 -.00000251  00000-0  10000-3 0  7262
2 34111   0.0149  41.7200 0002397 256.1247 264.4901  1.00271947 14358
RADUGA-1 8              
1 34264U 09010A   13024.70446462  .00000083  00000-0  10000-3 0  1023
2 34264   2.4636  92.7641 0002368 196.3016 100.9469  1.00284187 14292
EUTELSAT 10A            
1 34710U 09016A   13022.78313964  .00000068  00000-0  10000-3 0  7828
2 34710   0.0630 353.8948 0004976 308.2633 112.0100  1.00272008 14007
BEIDOU G2               
1 34779U 09018A   13020.77714723  .00000150  00000-0  10000-3 0  8328
2 34779   2.2515  69.7898 0057468 169.4276 190.5363  1.00321553 14001
SICRAL 1B               
1 34810U 09020A   13024.79085988  .00000080  00000-0  10000-3 0  7249
2 34810   0.1464  84.9792 0003311 284.7704  51.0458  1.00274857 13889
SES-7 (PROTOSTAR 2)     
1 34941U 09027A   13024.44949593  .00000000  00000-0  10000-3 0  7954
2 34941   0.0265  12.8860 0004634 238.9581 141.9897  1.00264147 11404
MEASAT-3A               
1 35362U 09032A   13023.92480770  .00000000  00000-0  10000-3 0  4987
2 35362   0.0175 268.5798 0003115  15.8247 263.4071  1.00267583 12936
GOES 14                 
1 35491U 09033A   13024.35231984 -.00000102  00000-0  10000-3 0  8056
2 35491   0.0768 256.1052 0001138 114.8448 138.7964  1.00185672 13135
SIRIUS FM-5             
1 35493U 09034A   13022.51145002 -.00000145  00000-0  10000-3 0  5997
2 35493   0.0050 350.6525 0001665   2.7197 216.7376  1.00271460 13097
TERRESTAR-1             
1 35496U 09035A   13024.38559977 -.00000050  00000-0  10000-3 0  7883
2 35496   4.3663 325.1528 0003140 331.7635 214.7380  1.00272962 13124
ASIASAT 5               
1 35696U 09042A   13024.80074503 -.00000307  00000-0  10000-3 0  9660
2 35696   0.0336 272.5046 0001786 348.2726 252.2319  1.00270962 12669
JCSAT-RA (JCSAT-12)     
1 35755U 09044A   13024.43087558  .00000000  00000-0  10000-3 0  6230
2 35755   0.0469  41.6276 0000970 320.7369  44.4836  1.00262389995843
OPTUS D3                
1 35756U 09044B   13024.63364049 -.00000147  00000-0  10000-3 0  6633
2 35756   0.0396 341.1808 0004452 330.8494 196.1979  1.00272616 12591
PALAPA D                
1 35812U 09046A   13024.55848016  .00000000  00000-0  10000-3 0  6581
2 35812   0.0282  95.2347 0001618 222.8019 119.9404  1.00264146 11355
NIMIQ 5                 
1 35873U 09050A   13023.36654735 -.00000257  00000-0  10000-3 0  6545
2 35873   0.0251 249.7699 0002959  53.3985 238.9159  1.00271067 12307
AMAZONAS 2              
1 35942U 09054A   13024.09169689 -.00000282  00000-0  10000-3 0  6005
2 35942   0.0357 203.3333 0001834  61.9619 190.2940  1.00272559 12161
COMSATBW-1              
1 35943U 09054B   13023.78877347  .00000000  00000-0  10000-3 0  6229
2 35943   0.0384 140.5713 0002287 181.7816 147.8369  1.00268690 10824
NSS-12                  
1 36032U 09058A   13024.65713406  .00000000  00000-0  10000-3 0  6045
2 36032   0.0019  54.2679 0003099 258.1717 105.2943  1.00272494 11905
THOR 6                  
1 36033U 09058B   13023.74995731  .00000000  00000-0  10000-3 0  6734
2 36033   0.0293  15.0530 0001902 274.8796 102.4533  1.00271097 11917
INTELSAT 14 (IS-14)     
1 36097U 09064A   13023.88402993  .00000000  00000-0  10000-3 0  4872
2 36097   0.0195  14.1550 0001663 288.2581  94.0543  1.00262923 11505
EUTELSAT 36B            
1 36101U 09065A   13024.58150622  .00000000  00000-0  10000-3 0  6777
2 36101   0.0619 352.5126 0003149 310.7974  66.0347  1.00273855  9041
INTELSAT 15 (IS-15)     
1 36106U 09067A   13024.49126745  .00000000  00000-0  10000-3 0  6975
2 36106   0.0226 352.3110 0003609 306.8533  86.7171  1.00265717 11550
DIRECTV 12              
1 36131U 09075A   13022.54738662 -.00000103  00000-0  10000-3 0  8431
2 36131   0.0109 213.4992 0000291  59.7237 303.0984  1.00272244 11316
BEIDOU G1               
1 36287U 10001A   13024.53119547 -.00000280  00000-0  10000-3 0  8616
2 36287   1.5958 357.2971 0003270 234.7571 223.2433  1.00272274 11131
RADUGA-1M 2             
1 36358U 10002A   13024.56117214  .00000000  00000-0  10000-3 0  8729
2 36358   0.0258  44.8066 0002916 225.7341 140.4459  1.00266378 10621
SDO                     
1 36395U 10005A   13024.29076840 -.00000048  00000-0  10000-3 0  6611
2 36395  27.8301 169.9222 0000842 249.1035  67.6302  1.00270631 11004
INTELSAT 16 (IS-16)     
1 36397U 10006A   13023.93656756  .00000000  00000-0  10000-3 0  5946
2 36397   0.0056 336.5245 0001940 342.9564  82.9473  1.00265743 10581
GOES 15                 
1 36411U 10008A   13024.49244508  .00000085  00000-0  10000-3 0  4127
2 36411   0.1140 253.1421 0003015  45.0452 228.4029  1.00285725 10637
ECHOSTAR 14             
1 36499U 10010A   13024.11033352  .00000000  00000-0  10000-3 0  7577
2 36499   0.0310  35.7919 0002957 257.5151 111.1122  1.00271115 10570
SES-1                   
1 36516U 10016A   13022.32745021 -.00000115  00000-0  10000-3 0  6495
2 36516   0.0195 321.0012 0002630 331.9623 205.7232  1.00272097 10061
ASTRA 3B                
1 36581U 10021A   13022.81825890  .00000137  00000-0  00000+0 0  5273
2 36581   0.0519  47.9503 0002049 278.6462 113.7391  1.00270891  9910
COMSATBW-2              
1 36582U 10021B   13024.70441596  .00000088  00000-0  10000-3 0  5956
2 36582   0.0706  85.1686 0001898 208.4766  97.3204  1.00270725  9943
BEIDOU G3               
1 36590U 10024A   13023.75101606 -.00000355  00000-0  10000-3 0  7047
2 36590   1.2981  16.9030 0004399 304.5194 182.7114  1.00276946  9723
BADR-5                  
1 36592U 10025A   13024.74995572  .00000145  00000-0  10000-3 0  4394
2 36592   0.0129  66.4269 0002499 200.4675 153.3082  1.00276402  9878
COMS 1                  
1 36744U 10032A   13024.48570297  .00000000  00000-0  10000-3 0  5138
2 36744   0.0338  73.7847 0000689 227.4268 125.7593  1.00265412  8168
ARABSAT-5A              
1 36745U 10032B   13024.60807780  .00000000  00000-0  10000-3 0  4693
2 36745   0.0525 354.8247 0002698 295.1092  83.5385  1.00272493  9633
ECHOSTAR 15             
1 36792U 10034A   13024.23712781 -.00000282  00000-0  10000-3 0  5641
2 36792   0.0454 273.4667 0002443  44.2369 189.7237  1.00271215  9340
BEIDOU IGSO 1           
1 36828U 10036A   13023.85547345 -.00000061  00000-0  10000-3 0  6491
2 36828  54.6129 209.4631 0029496 177.7520 164.4235  1.00268781  9153
NILESAT 201             
1 36830U 10037A   13024.18593326 -.00000058  00000-0  10000-3 0  4834
2 36830   0.0518 211.0839 0003523  54.2546 278.2304  1.00271296  9237
RASCOM-QAF 1R           
1 36831U 10037B   13022.89186516  .00000018  00000-0  10000-3 0  4600
2 36831   0.0125  68.1192 0004326 232.1228 146.0782  1.00271832  9228
CHINASAT 6A (ZX 6A)     
1 37150U 10042A   13024.63464894 -.00000354  00000-0  10000-3 0  6744
2 37150   0.0495 239.0488 0003146 217.6560  20.8629  1.00271477  8881
XM-5                    
1 37185U 10053A   13023.47196738 -.00000204  00000-0  10000-3 0  5680
2 37185   0.0142  63.0596 0001821  98.3028  46.2024  1.00270023  8397
BSAT-3B                 
1 37207U 10056B   13024.85489661 -.00000122  00000-0  00000+0 0  5315
2 37207   0.7041  75.5328 0001621 282.1656 177.2821  0.99204330  8245
BEIDOU G4               
1 37210U 10057A   13024.19495304  .00000000  00000-0  10000-3 0  5980
2 37210   0.5180 351.5290 0004352 234.2731 127.9610  1.00267550967879
SKYTERRA 1              
1 37218U 10061A   13024.35232049 -.00000112  00000-0  10000-3 0  5879
2 37218   5.1155 321.6165 0003264 196.6226 351.0981  1.00271592  8171
ZHONGXING-20A           
1 37234U 10064A   13024.53977841  .00000000  00000-0  10000-3 0  5927
2 37234   0.0644  99.3350 0003848 246.1665 102.8020  1.00263345  8002
HYLAS 1                 
1 37237U 10065A   13022.32914250 -.00000234  00000-0  10000-3 0  4762
2 37237   0.0496  38.9908 0000876 294.4098 233.3852  1.00269383  7934
INTELSAT 17 (IS-17)     
1 37238U 10065B   13024.62222691 -.00000001  00000-0  10000-3 0  3872
2 37238   0.0014 128.8556 0002835 164.6900 120.5281  1.00272759  7985
BEIDOU IGSO 2           
1 37256U 10068A   13024.60593126 -.00000247  00000-0  10000-3 0  5512
2 37256  54.7715 329.7359 0021802 193.2277 299.1565  1.00287470  7751
EUTELSAT KA-SAT 9A      
1 37258U 10069A   13022.12161219  .00000061  00000-0  10000-3 0  4987
2 37258   0.0616 282.4867 0000938 251.3781   0.5214  1.00272949  7748
HISPASAT 1E             
1 37264U 10070A   13024.11308604 -.00000216  00000-0  00000+0 0  4717
2 37264   0.0367 114.3411 0002380 183.5857 196.3560  1.00272069  7616
KOREASAT 6              
1 37265U 10070B   13024.69286106 -.00000362  00000-0  10000-3 0  4136
2 37265   0.0228 272.3972 0001971  41.3144 175.8732  1.00270708  7649
ELEKTRO-L 1 (GOMS 2)    
1 37344U 11001A   13024.84508770 -.00000096  00000-0  10000-3 0  5270
2 37344   0.0697 296.0694 0001330 304.7239 263.7442  1.00271760  7432
BEIDOU IGSO 3           
1 37384U 11013A   13024.71609233 -.00000173  00000-0  10000-3 0  4667
2 37384  55.9667  89.7756 0023199 188.3702 223.1949  1.00293455  6634
INTELSAT NEW DAWN       
1 37392U 11016A   13023.81467649  .00000156  00000-0  10000-3 0  3762
2 37392   0.0105  67.8550 0000898 229.4714 152.0579  1.00274798  6482
YAHSAT 1A               
1 37393U 11016B   13023.74310693  .00000101  00000-0  10000-3 0  4852
2 37393   0.0094  52.8572 0001820 254.8414 135.5255  1.00273320  6525
TELSTAR 14R             
1 37602U 11021A   13022.25436405 -.00000280  00000-0  10000-3 0  3348
2 37602   0.0264 276.8339 0002569  14.5365 218.9448  1.00271230  6813
GSAT-8                  
1 37605U 11022A   13024.77315396  .00000085  00000-0  10000-3 0  3821
2 37605   0.0633  86.8756 0007099 188.7204 182.0408  1.00274400  6209
ST-2                    
1 37606U 11022B   13024.55098078  .00000000  00000-0  10000-3 0  3831
2 37606   0.0439  46.2713 0001754 267.7139  96.2914  1.00264546  6213
CHINASAT 10 (ZX 10)     
1 37677U 11026A   13024.76739446 -.00000351  00000-0  10000-3 0  4489
2 37677   0.0354 245.0448 0003716 301.8524 324.0656  1.00268043  5949
TIANLIAN 1-02           
1 37737U 11032A   13024.65931344  .00000030  00000-0  10000-3 0  4283
2 37737   0.0083 134.7856 0003899 192.9140 210.5670  1.00268369  5673
GSAT-12                 
1 37746U 11034A   13024.07995339  .00000000  00000-0  10000-3 0  3472
2 37746   0.0109 235.9977 0002639 215.7430 143.5475  1.00267919  5912
SES-3                   
1 37748U 11035A   13024.24770963 -.00000101  00000-0  10000-3 0  3897
2 37748   0.0462 277.4529 0002201  14.7695 177.5435  1.00271862  5640
KAZSAT-2                
1 37749U 11035B   13024.59807094 -.00000197  00000-0  10000-3 0  3099
2 37749   0.0169 228.3825 0000463  72.7335 124.7440  1.00272237  5717
BEIDOU IGSO 4           
1 37763U 11038A   13023.87342580 -.00000003  00000-0  10000-3 0  3188
2 37763  54.9317 211.5863 0020474 170.3992 151.4662  1.00267295  5586
ASTRA 1N                
1 37775U 11041A   13024.71310932  .00000150  00000-0  00000+0 0  2978
2 37775   0.0625  40.0008 0002271 303.4094  65.6570  1.00272463  5426
BSAT-3C (JCSAT-110R)    
1 37776U 11041B   13024.76851144 -.00000350  00000-0  00000+0 0  3557
2 37776   0.0469 250.6891 0000678 124.0713 136.0867  1.00270249  5507
PAKSAT-1R               
1 37779U 11042A   13023.82922737  .00000154  00000-0  10000-3 0  2706
2 37779   0.0286 136.6510 0001955 142.0885 181.0831  1.00275293  5412
CHINASAT 1A (ZX 1A)     
1 37804U 11047A   13024.62693508 -.00000337  00000-0  10000-3 0  3671
2 37804   0.0467 112.5644 0003873 285.7374  81.3398  1.00272076  5058
COSMOS 2473             
1 37806U 11048A   13023.87006222 -.00000135  00000-0  10000-3 0  3587
2 37806   0.0479 109.3647 0000927 302.4903 104.6429  1.00272142  5016
SES-2                   
1 37809U 11049A   13024.48663983  .00000000  00000-0  10000-3 0  2558
2 37809   0.0117 273.0522 0002683  45.2779 253.7187  1.00264939  4979
ARABSAT-5C              
1 37810U 11049B   13023.81617755  .00000124  00000-0  10000-3 0  2290
2 37810   0.0646 346.7666 0002080 248.5118 201.8809  1.00277033  5000
EUTELSAT 7 WEST A       
1 37816U 11051A   13024.18010199 -.00000060  00000-0  10000-3 0  3593
2 37816   0.0622 334.4400 0003939 226.6083 340.1285  1.00273043  4913
QUETZSAT 1              
1 37826U 11054A   13024.07096032 -.00000241  00000-0  10000-3 0  3305
2 37826   0.0474 274.8449 0002686  20.0417 137.1345  1.00271621  5040
INTELSAT 18 (IS-18)     
1 37834U 11056A   13022.54005205  .00000053  00000-0  10000-3 0  2655
2 37834   0.0209 298.2840 0001726  26.2118 171.9499  1.00272043  4897
EUTELSAT 16A            
1 37836U 11057A   13023.04965987  .00000104  00000-0  10000-3 0  2675
2 37836   0.0650 355.9781 0004363 305.6818 214.7477  1.00274168  4763
VIASAT-1                
1 37843U 11059A   13024.06595569  .00000000  00000-0  10000-3 0  2364
2 37843   0.0277  12.4147 0002359 240.3346 139.4547  1.00270871  5366
ASIASAT 7               
1 37933U 11069A   13024.78407164 -.00000334  00000-0  10000-3 0  3088
2 37933   0.0542 253.4040 0001161  24.9094 233.8006  1.00272744  4422
BEIDOU IGSO 5           
1 37948U 11073A   13022.85014517 -.00000183  00000-0  10000-3 0  2936
2 37948  54.8895 329.1648 0018505 188.8141   3.8527  1.00263005  4337
AMOS-5                  
1 37950U 11074A   13023.81426485  .00000109  00000-0  10000-3 0  1765
2 37950   0.0257 177.2762 0000685  22.2557 233.8728  1.00271516  4284
LUCH 5A                 
1 37951U 11074B   13024.26761321 -.00000042  00000-0  00000+0 0  2669
2 37951   4.0095 261.6410 0004391 357.3249 128.1696  1.00274053  4138
NIGCOMSAT 1R            
1 38014U 11077A   13024.85025388  .00000145  00000-0  10000-3 0  2088
2 38014   0.0276 233.8635 0000166 213.0357  25.9768  1.00272896  4115
FENGYUN 2F              
1 38049U 12002A   13024.79250784 -.00000355  00000-0  10000-3 0  2789
2 38049   1.5808 277.6342 0005246 241.0208   2.8294  1.00279987  3846
SES-4                   
1 38087U 12007A   13024.11329186 -.00000168  00000-0  10000-3 0  1955
2 38087   0.0250 284.8863 0002464  11.1786 206.2920  1.00272006  3512
BEIDOU G5               
1 38091U 12008A   13024.75286465  .00000060  00000-0  00000+0 0  2566
2 38091   1.3330 311.1719 0001438 311.8746 190.8743  1.00270043  3431
INTELSAT 22 (IS-22)     
1 38098U 12011A   13024.58141252  .00000000  00000-0  10000-3 0  1638
2 38098   0.0364  37.3730 0002553 245.7556 122.3155  1.00269540  3150
COSMOS 2479             
1 38101U 12012A   13024.68039413 -.00000050  00000-0  10000-3 0  2301
2 38101   1.6697 287.8693 0002855  89.8025 157.8394  1.00278488  3018
APSTAR 7                
1 38107U 12013A   13023.64290097  .00000000  00000-0  10000-3 0  2034
2 38107   0.0664  76.9590 0002466 218.9775 135.1193  1.00268266  3030
YAHSAT 1B               
1 38245U 12016A   13024.82556223  .00000127  00000-0  00000+0 0  1738
2 38245   0.0094  77.7153 0001899 212.2507 179.1150  1.00273251  2875
JCSAT-13                
1 38331U 12023A   13024.45736828  .00000000  00000-0  10000-3 0  1535
2 38331   0.0196  46.7973 0000997 194.7536 170.9761  1.00266595  1862
VINASAT-2               
1 38332U 12023B   13024.63781488 -.00000329  00000-0  10000-3 0  1511
2 38332   0.0289 249.7242 0002016  51.1267 184.6886  1.00270692  2584
NIMIQ 6                 
1 38342U 12026A   13022.53073539 -.00000174  00000-0  00000+0 0  1640
2 38342   0.0239 213.6077 0005890 141.8239 226.5206  1.00271853  2521
CHINASAT 2A (ZX 2A)     
1 38352U 12028A   13024.00842299 -.00000292  00000-0  10000-3 0  1796
2 38352   0.0434 113.5323 0002905 225.4416 245.7775  1.00269931  2585
INTELSAT 19 (IS-19)     
1 38356U 12030A   13023.53573828 -.00000056  00000-0  10000-3 0  1595
2 38356   0.0179 358.8383 0002394 313.1377 169.8861  1.00272228  2482
ECHOSTAR 17             
1 38551U 12035A   13024.06044237 -.00000075  00000-0  10000-3 0  1358
2 38551   0.0113  68.5976 0001421 158.2629 171.2920  1.00271292  2076
MSG-3 (METEOSAT-10)     
1 38552U 12035B   13022.32681843  .00000025  00000-0  10000-3 0  1901
2 38552   1.4061 250.0341 0000616 162.1349 187.5133  1.00411652  2157
SES-5                   
1 38652U 12036A   13021.83346521  .00000034  00000-0  10000-3 0  1448
2 38652   0.0533 263.6102 0001387  30.9190 131.8323  1.00273668  1991
TIANLIAN 1-03           
1 38730U 12040A   13024.75770492  .00000110  00000-0  10000-3 0  1302
2 38730   1.6921 272.4329 0003573  15.9161 125.4114  1.00274830  1949
INTELSAT 20 (IS-20)     
1 38740U 12043A   13024.57270963  .00000000  00000-0  10000-3 0  1368
2 38740   0.0255  20.8631 0002046 317.5163  60.3384  1.00269334  1647
HYLAS 2                 
1 38741U 12043B   13024.71137510  .00000154  00000-0  10000-3 0   948
2 38741   0.0269 255.8521 0001415  47.0663 108.3219  1.00272557  1809
INTELSAT 21 (IS-21)     
1 38749U 12045A   13022.37382640 -.00000285  00000-0  10000-3 0  1109
2 38749   0.0192  16.0076 0000472 254.4047 287.9137  1.00266488  1625
ASTRA 2F                
1 38778U 12051A   13024.26978019  .00000000  00000-0  10000-3 0   607
2 38778   0.0072 202.0983 0002807  81.8151 325.1876  1.00274328   277
GSAT-10                 
1 38779U 12051B   13024.56908759  .00000000  00000-0  10000-3 0   807
2 38779   0.0025 332.3931 0000535 119.6418 319.8025  1.00266582  1302
INTELSAT 23 (IS-23)     
1 38867U 12057A   13023.38336164 -.00000285  00000-0  10000-3 0   621
2 38867   0.0231 330.1527 0001813  55.5048 182.2045  1.00272129  1053
BEIDOU G6               
1 38953U 12059A   13024.66414064 -.00000138  00000-0  00000+0 0   629
2 38953   1.6588 276.4554 0002107 351.7282 175.3524  1.00271948  1010
LUCH 5B                 
1 38977U 12061A   13024.11344433 -.00000125  00000-0  00000+0 0   693
2 38977   0.2873 128.2815 0004878 242.0469 138.1804  1.00273481  1122
YAMAL 300K              
1 38978U 12061B   13023.99299102 -.00000229  00000-0  10000-3 0   466
2 38978   0.0274 240.4743 0000416 347.3728 343.1483  1.00272136   827
STAR ONE C3             
1 38991U 12062A   13021.37856751 -.00000250  00000-0  10000-3 0   735
2 38991   0.0602  95.3685 0002650 209.1614 237.6098  1.00270596   771
EUTELSAT 21B            
1 38992U 12062B   13024.80315735  .00000130  00000-0  10000-3 0   612
2 38992   0.0376 329.8293 0002496 352.6713 112.4860  1.00270392   829
ECHOSTAR 16             
1 39008U 12065A   13023.98371363  .00000000  00000-0  10000-3 0   606
2 39008   0.0301  56.7717 0002123 247.0930 112.2387  1.00267546   614
CHINASAT 12 (ZX 12)     
1 39017U 12067A   13024.67611924  .00000107  00000-0  00000+0 0   439
2 39017   0.0393 224.4208 0002777  69.0669 125.5181  1.00274329   661
EUTELSAT 70B            
1 39020U 12069A   13024.60350318 -.00000043  00000-0  00000+0 0   569
2 39020   0.0396 115.2548 0003377 203.6400  92.9109  1.00272461   569
YAMAL 402               
1 39022U 12070A   13024.77315186  .00000086  00000-0  10000-3 0   443
2 39022   0.0412 266.9250 0000935  95.6740  94.8818  1.00275040   550
SKYNET 5D               
1 39034U 12075A   13024.76820911  .00000141  00000-0  00000+0 0   309
2 39034   0.1686 241.8528 0003513  95.0106  88.4271  1.00277987   477
MEXSAT 3                
1 39035U 12075B   13024.58532358 -.00000026  00000-0  10000-3 0   325
2 39035   0.0337 218.0793 0002081 169.3299 192.5654  1.00273212   421
