STARLETTE               
1 07646U 75010A   13023.90893969 -.00000144  00000-0  12058-5 0  1463
2 07646  49.8247 334.1669 0205858 102.1864 260.2163 13.82282722917814
LAGEOS 1                
1 08820U 76039A   13024.79207709 -.00000007  00000-0  10000-3 0  4092
2 08820 109.8593 303.7669 0044853 269.8939  89.6527  6.38665025601183
AJISAI (EGS)            
1 16908U 86061A   13024.69148537 -.00000021  00000-0  10000-3 0   357
2 16908  50.0097  68.0539 0011517 329.4561  30.6156 12.44471672871794
LAGEOS 2                
1 22195U 92070B   13023.46258107 -.00000009  00000-0  10000-3 0  6372
2 22195  52.6478 118.9461 0137223 208.0799 151.2304  6.47294167478883
STELLA                  
1 22824U 93061B   13024.18972768  .00000442  00000-0  19825-3 0  3841
2 22824  98.6254 325.2024 0007544  53.6514 306.5329 14.27315816  7054
WESTPAC                 
1 25398U 98043E   13024.88085651 -.00000003  00000-0  17059-4 0  6113
2 25398  98.4009 357.5420 0001378   7.7358 352.3846 14.22726514755376
GRACE-1                 
1 27391U 02012A   13024.64703674  .00003077  00000-0  71963-4 0  2983
2 27391  89.0206 185.9633 0014511  18.3823 341.7949 15.41671996607606
GRACE-2                 
1 27392U 02012B   13023.54319577  .00004193  00000-0  98340-4 0  2996
2 27392  89.0175 186.1372 0015559  22.3932 337.7979 15.41666016607430
GOCE                    
1 34602U 09013A   13024.87630972 -.00000547  19090-5  55043-7 0  3854
2 34602  96.5793  53.2009 0006276  30.9555 329.2134 16.11504825226123
LARES                   
1 38077U 12006A   13024.48180594 -.00000022  00000-0  10000-3 0  9420
2 38077  69.4904   7.7295 0009509 326.2356  33.8061 12.54929820 43436
