COSMOS 2413 (712)       
1 28509U 04053B   13024.77864125  .00000090  00000-0  10000-3 0  2464
2 28509  63.2603 234.3414 0005289 136.7922 282.3349  2.13100590 62898
COSMOS 2419 (714)       
1 28915U 05050A   13024.30335919 -.00000021  00000-0  00000+0 0    37
2 28915  64.9328 119.9728 0015590 349.1119  48.1753  2.13104394 55133
COSMOS 2425 (716)       
1 29670U 06062A   13023.85151549 -.00000051  00000-0  10000-3 0  7062
2 29670  65.8911 358.6998 0022834 340.6545 144.5022  2.13105151 47323
COSMOS 2426 (717)       
1 29671U 06062B   13023.90221176 -.00000050  00000-0  10000-3 0  7253
2 29671  65.9075 358.7533 0016456 174.9430 218.9876  2.13103134 47339
COSMOS 2424 (715)       
1 29672U 06062C   13024.70625676 -.00000050  00000-0  10000-3 0  7278
2 29672  65.8925 358.6773 0015879 174.2756 296.2887  2.13102972 47341
COSMOS 2433 (720)       
1 32275U 07052A   13024.02676390 -.00000024  00000-0  10000-3 0  4532
2 32275  64.9461 119.7296 0002255 237.6845 216.1414  2.13096516 40843
COSMOS 2432 (719)       
1 32276U 07052B   13024.62711485 -.00000018  00000-0  10000-3 0  4379
2 32276  64.9590 119.7546 0011984 339.8120 169.0231  2.13098010 40850
COSMOS 2434 (721)       
1 32393U 07065A   13024.69956103 -.00000051  00000-0  00000+0 0  2929
2 32393  65.5157 358.5792 0001875 140.3766   8.1334  2.13102777 39560
COSMOS 2435 (722)       
1 32394U 07065B   13024.17385545 -.00000051  00000-0  10000-3 0  2014
2 32394  65.5194 358.5920 0020256 352.6480  68.7331  2.13103820 39491
COSMOS 2436 (723)       
1 32395U 07065C   13024.03305785 -.00000051  00000-0  10000-3 0  2052
2 32395  65.5285 358.6249 0017740 345.7497 103.1475  2.13102962 39481
COSMOS 2442 (724)       
1 33378U 08046A   13024.82506269 -.00000015  00000-0  10000-3 0  2365
2 33378  64.8614 119.1948 0023232 332.8469  62.5445  2.13103687 33727
COSMOS 2443 (725)       
1 33379U 08046B   13023.73341771 -.00000027  00000-0  10000-3 0  2206
2 33379  64.8701 119.2806 0020668 183.1045 319.5234  2.13101682 33708
COSMOS 2444 (726)       
1 33380U 08046C   13024.72788458 -.00000016  00000-0  10000-3 0  2281
2 33380  64.8781 119.2689 0023754 325.1952 177.2227  2.13103013 33713
COSMOS 2447 (727)       
1 33466U 08067A   13024.13055684  .00000089  00000-0  00000+0 0  1678
2 33466  64.0999 238.5206 0002902 273.7152 231.9946  2.13101097 31762
COSMOS 2449 (729)       
1 33467U 08067B   13024.24473903  .00000089  00000-0  10000-3 0  1685
2 33467  64.0883 238.4846 0002734 314.5463  54.3589  2.13101959 31796
COSMOS 2448 (728)       
1 33468U 08067C   13024.76882750  .00000088  00000-0  10000-3 0  1619
2 33468  64.0928 238.4743 0004658 333.6997 345.1209  2.13101644 31784
COSMOS 2456 (730)       
1 36111U 09070A   13024.45582154  .00000089  00000-0  00000+0 0  9077
2 36111  64.3284 238.6989 0005206 342.4311 143.0377  2.13101925 24226
COSMOS 2457 (733)       
1 36112U 09070B   13024.64137106  .00000089  00000-0  00000+0 0  8903
2 36112  64.3098 238.6466 0006535 140.8666 261.7181  2.13101615 24237
COSMOS 2458 (734)       
1 36113U 09070C   13024.22631117  .00000089  00000-0  10000-3 0  8960
2 36113  64.3158 238.6582 0003306  41.4709  88.3126  2.13101981 24228
COSMOS 2459 (731)       
1 36400U 10007A   13024.72876019 -.00000016  00000-0  10000-3 0  8330
2 36400  64.8466 119.0204 0029901 354.0356 148.2325  2.13102482 22588
COSMOS 2461 (735)       
1 36401U 10007B   13024.68519102 -.00000017  00000-0  10000-3 0  8323
2 36401  64.8397 119.0143 0005615  96.4321 282.7407  2.13102535 22583
COSMOS 2460 (732)       
1 36402U 10007C   13023.73119596 -.00000027  00000-0  10000-3 0  8402
2 36402  64.8293 119.0391 0001578 172.6138 238.3985  2.13102214 22561
COSMOS 2466 (738)       
1 37137U 10041A   13023.49818406 -.00000051  00000-0  10000-3 0  7063
2 37137  65.0952 359.3687 0020108 159.7489  11.1522  2.13102477 18632
COSMOS 2465 (737)       
1 37138U 10041B   13024.11270968 -.00000051  00000-0  00000+0 0  7110
2 37138  65.1114 359.3966 0034488 171.4881 291.8659  2.13102850 18641
COSMOS 2464 (736)       
1 37139U 10041C   13024.51340142 -.00000051  00000-0  00000+0 0  6969
2 37139  65.1136 359.3713 0020728   6.9524 178.3667  2.13102839 18650
COSMOS 2471 (701K)      
1 37372U 11009A   13024.64970020 -.00000017  00000-0  10000-3 0  5721
2 37372  64.8407 118.9431 0005936 231.1011 274.5164  2.13107369 14862
COSMOS 2474 (742)       
1 37829U 11055A   13024.74971222  .00000090  00000-0  00000+0 0  3975
2 37829  64.6487 238.5888 0006128 275.8513 300.5206  2.13101927 10223
COSMOS 2476 (744)       
1 37867U 11064A   13023.50521205  .00000089  00000-0  00000+0 0  3644
2 37867  64.6301 238.7456 0014602 263.5419 123.2964  2.13102061  9553
COSMOS 2477 (745)       
1 37868U 11064B   13024.40626711  .00000090  00000-0  00000+0 0  3656
2 37868  64.6376 238.7420 0012758 265.9147 272.1692  2.13101966  9523
COSMOS 2475 (743)       
1 37869U 11064C   13024.05698457  .00000089  00000-0  10000-3 0  3545
2 37869  64.6447 238.7313 0038956 275.5109 261.1165  2.13759704  9529
COSMOS 2478 (746)       
1 37938U 11071A   13023.80022118 -.00000026  00000-0  00000+0 0  3465
2 37938  64.8589 119.1608 0012684 236.2127 137.5864  2.13102518  9132
