GOES 1 [-]              
1 08366U 75100A   13023.90640212 -.00000047  00000-0  10000-3 0  2763
2 08366  13.8257 336.1314 0001006 138.8882 221.1647  1.00230250136159
GOES 2 [-]              
1 10061U 77048A   13023.41446259  .00000042  00000-0  10000-3 0  4803
2 10061  14.6055 344.6684 0012534 284.4919  75.3953  0.99393242 74888
GOES 3 [P]              
1 10953U 78062A   13023.92576473 -.00000090  00000-0  10000-3 0   864
2 10953  14.5391 348.2678 0004953  73.9285 286.1586  1.00277455 79874
GOES 4 [-]              
1 11964U 80074A   13023.88645797 -.00000060  00000-0  10000-3 0  7015
2 11964  15.1035 351.9285 0032801 335.1028  24.7664  0.99227508 79093
GOES 5 [-]              
1 12472U 81049A   13024.04436766  .00000073  00000-0  10000-3 0  5736
2 12472  14.6539   2.1030 0002251 107.4463 252.6139  1.00239885 73911
GOES 6 [-]              
1 14050U 83041A   13024.01235105 -.00000006  00000-0  10000-3 0  5855
2 14050  14.5773   6.9798 0004115  76.0470 284.0332  1.00226419167015
GOES 7 [-]              
1 17561U 87022A   13022.23441626 -.00000059  00000-0  10000-3 0  7914
2 17561  14.1603  23.3262 0004065 330.2391  29.7727  0.99908735 78099
GOES 8 [-]              
1 23051U 94022A   13017.82290854 -.00000178  00000-0  10000-3 0  4297
2 23051   8.7637  56.4103 0005419 203.0463 156.9472  0.98907311 75688
GOES 9 [P]              
1 23581U 95025A   13023.54208777 -.00000047  00000-0  10000-3 0  7140
2 23581   8.3114  54.8169 0005120   3.5246 356.5206  0.98798578 64434
GOES 10 [-]             
1 24786U 97019A   13022.55140133 -.00000082  00000-0  10000-3 0  6456
2 24786   6.5498  58.2329 0025344 110.0054 250.2856  0.99121208 57562
GOES 11 [+]             
1 26352U 00022A   13023.29450754  .00000074  00000-0  00000+0 0   741
2 26352   1.6259 106.4046 0002790  20.0674 339.3082  0.99040633 46553
GOES 12 [B]             
1 26871U 01031A   13022.32850980 -.00000286  00000-0  10000-3 0  9050
2 26871   2.7397  70.7498 0002837 258.1992 210.6083  1.00256882 42193
GOES 13 [+]             
1 29155U 06018A   13023.36440068 -.00000250  00000-0  10000-3 0  3892
2 29155   0.3396  93.4620 0001147 335.8490 110.0437  1.00273602 24456
GOES 14 [S]             
1 35491U 09033A   13024.35231984 -.00000102  00000-0  10000-3 0  8056
2 35491   0.0768 256.1052 0001138 114.8448 138.7964  1.00185672 13135
GOES 15 [S]             
1 36411U 10008A   13024.49244508  .00000085  00000-0  10000-3 0  4127
2 36411   0.1140 253.1421 0003015  45.0452 228.4029  1.00285725 10637
