INTELSAT 602 (IS-602)   
1 20315U 89087A   13024.59053832  .00000000  00000-0  10000-3 0  6292
2 20315   9.8461  49.6288 0004175  40.4965 319.5956  0.98999784 82914
INTELSAT 603 (IS-603)   
1 20523U 90021A   13023.03148883 -.00000009  00000-0  10000-3 0  2041
2 20523   9.3089  51.4017 0000801 286.6317 160.1939  1.00125873 76664
SBS-6                   
1 20872U 90091A   13024.42551108  .00000000  00000-0  10000-3 0  6377
2 20872   4.8740  64.4728 0006910  21.5837 338.4623  0.98992014 69722
INTELSAT 605 (IS-605)   
1 21653U 91055A   13023.20532222  .00000081  00000-0  10000-3 0  3676
2 21653   7.4621  57.2701 0000545 313.2912  46.7353  0.99323923 78379
INTELSAT 601 (IS-601)   
1 21765U 91075A   13021.80517001 -.00000094  00000-0  10000-3 0  4647
2 21765   7.4325  56.1526 0003032 257.3944 102.5905  0.99594260 77573
INTELSAT 701 (IS-701)   
1 22871U 93066A   13023.68235451 -.00000139  00000-0  10000-3 0   660
2 22871   0.9775  77.2449 0004216 220.3950 228.1487  1.00272039 70404
INTELSAT 702 (IS-702)   
1 23124U 94034A   13023.81467649  .00000155  00000-0  10000-3 0  8743
2 23124   1.3296  76.2135 0002760 231.2340 142.1050  1.00274135 82320
INTELSAT 2 (IS-2)       
1 23175U 94040A   13023.29071522  .00000006  00000-0  00000+0 0  2338
2 23175   3.6266  70.9235 0006406 294.8809  64.9896  0.99194443 67159
INTELSAT 704 (IS-704)   
1 23461U 95001A   13023.27167827  .00000025  00000-0  10000-3 0  5807
2 23461   3.2368  68.1628 0001085  12.3050 347.6390  0.99181444 65953
INTELSAT 705 (IS-705)   
1 23528U 95013A   13024.40156154  .00000000  00000-0  10000-3 0  5398
2 23528   2.8032  69.1610 0017200 353.9393   5.9913  0.98973882 65197
INTELSAT 706 (IS-706)   
1 23571U 95023A   13022.80543032 -.00000158  00000-0  10000-3 0  6929
2 23571   1.2591  75.8715 0003713 195.5728 293.1787  1.00380810 64763
INTELSAT 3R (IS-3R)     
1 23764U 96002A   13023.75029214  .00000000  00000-0  10000-3 0  3648
2 23764   2.9915  68.4347 0010894 170.9908 188.9708  0.99083401 62326
PAKSAT 1 (ANATOLIA 1)   
1 23779U 96006A   13022.33573007  .00000028  00000-0  10000-3 0  8987
2 23779   1.0178  77.7738 0004667  41.8263 317.6943  0.99595625 62093
INTELSAT 707 (IS-707)   
1 23816U 96015A   13023.01111667  .00000016  00000-0  10000-3 0  5529
2 23816   0.2156  75.0958 0070056 243.5394  40.8103  0.98480757 61773
GALAXY 9 (G-9)          
1 23877U 96033A   13024.13205802  .00000004  00000-0  10000-3 0  6725
2 23877   3.8946  66.3663 0009456  28.5664 331.4754  0.99536178 61006
INTELSAT 709 (IS-709)   
1 23915U 96035A   13024.84863286  .00000126  00000-0  10000-3 0  7034
2 23915   0.6671  79.0624 0003173 219.7113 178.5375  1.00274349 60875
INTELSAT 26 (IS-26)     
1 24732U 97007A   13024.69352434  .00000000  00000-0  10000-3 0  3311
2 24732   4.5756  64.1261 0003926 206.8767 153.1246  1.00273164 58181
INTELSAT 801 (IS-801)   
1 24742U 97009A   13023.22696380 -.00000218  00000-0  10000-3 0  2505
2 24742   3.8020  66.7450 0004135 250.0131 218.1391  1.00269969 58276
GALAXY 25 (G-25)        
1 24812U 97026A   13024.38995914 -.00000162  00000-0  00000+0 0  5534
2 24812   0.0027  35.9461 0003147 267.6606 227.5303  1.00271735 57419
INTELSAT 802 (IS-802)   
1 24846U 97031A   13024.20724498 -.00000019  00000-0  10000-3 0  5182
2 24846   1.8095  71.8987 0026909 180.7758 179.0632  0.98108086 56943
INTELSAT 5 (IS-5)       
1 24916U 97046A   13023.83854387 -.00000347  00000-0  10000-3 0  4605
2 24916   0.2767  79.5048 0003455 225.4520 250.2772  1.00129013 56571
INTELSAT 805 (IS-805)   
1 25371U 98037A   13024.72315575 -.00000285  00000-0  10000-3 0   531
2 25371   0.0468 248.4135 0003334  55.7004  24.8974  1.00271649 53517
INTELSAT 7 (IS-7)       
1 25473U 98052A   13024.57562052  .00000000  00000-0  10000-3 0  5436
2 25473   0.0203  18.7165 0003049 287.6214  93.5742  1.00270191 52606
INTELSAT 8 (IS-8)       
1 25522U 98065A   13022.51451696 -.00000031  00000-0  10000-3 0  3138
2 25522   0.0290 250.8050 0002936  46.2074 179.2009  1.00272739 52154
GALAXY 26 (G-26)        
1 25626U 99005A   13024.78654780  .00000115  00000-0  10000-3 0  1217
2 25626   0.0387 265.8676 0003197  34.9303 156.5934  1.00273020 51096
INSAT-2E (APR-1)        
1 25666U 99016A   13024.68840439  .00000000  00000-0  10000-3 0  2360
2 25666   2.1684  72.1333 0005549 143.8230 216.1159  0.99647017 50419
GALAXY 27 (G-27)        
1 25922U 99052A   13023.81572604  .00000136  00000-0  10000-3 0  1690
2 25922   0.0192  38.2796 0002361 274.7666 148.9923  1.00274592 48838
GALAXY 11 (G-11)        
1 26038U 99071A   13024.21250190 -.00000285  00000-0  10000-3 0  5182
2 26038   0.0335 177.6392 0000655 146.2005 180.7248  1.00266414 48052
GALAXY 4R (G-4R)        
1 26298U 00020A   13023.09175331 -.00000097  00000-0  10000-3 0  2913
2 26298   5.7315  61.0877 0002438  66.5456 293.4912  0.99828930 46815
INTELSAT 9 (IS-9)       
1 26451U 00043A   13024.32451620 -.00000269  00000-0  10000-3 0  9574
2 26451   0.2631  80.8161 0000934 227.5772 249.0717  1.00270095 45793
INTELSAT 12 (IS-12)     
1 26590U 00068A   13023.81572593  .00000137  00000-0  10000-3 0  9608
2 26590   0.0137 345.5852 0003657 316.4414 159.9169  1.00273721 44855
INTELSAT 1R (IS-1R)     
1 26608U 00072A   13022.40014897 -.00000282  00000-0  10000-3 0  5850
2 26608   0.0338 208.8296 0000955  59.3412 307.7630  1.00271440 44683
INTELSAT 10 (IS-10)     
1 26766U 01019A   13024.73775005  .00000000  00000-0  10000-3 0  1785
2 26766   0.0196 100.7411 0002980 315.6005  20.9351  1.00271182 42624
INTELSAT 901 (IS-901)   
1 26824U 01024A   13024.11339096 -.00000141  00000-0  10000-3 0  9969
2 26824   0.0101 355.6004 0003645 303.1946 207.5981  1.00272361 42621
INTELSAT 902 (IS-902)   
1 26900U 01039A   13024.84804416  .00000033  00000-0  10000-3 0   323
2 26900   0.0164   8.9346 0003195 287.8747 194.7998  1.00273669 41805
INTELSAT 904 (IS-904)   
1 27380U 02007A   13024.57575088  .00000000  00000-0  10000-3 0   652
2 27380   0.0288   9.6615 0002873 290.2545  91.4425  1.00272580 40008
INTELSAT 903 (IS-903)   
1 27403U 02016A   13021.15745892 -.00000239  00000-0  10000-3 0  7754
2 27403   0.0064  20.7633 0003200 279.6866 202.3929  1.00271754 39677
INTELSAT 905 (IS-905)   
1 27438U 02027A   13022.09880653 -.00000185  00000-0  00000+0 0  6140
2 27438   0.0169 281.1997 0003155   0.0386 211.4198  1.00272522 39009
GALAXY 3C (G-3C)        
1 27445U 02030A   13024.13599701 -.00000151  00000-0  10000-3 0  7239
2 27445   0.0101 146.2104 0000161 244.8451  46.4407  1.00273020 38900
INTELSAT 906 (IS-906)   
1 27513U 02041A   13024.55265934  .00000000  00000-0  10000-3 0  8065
2 27513   0.0187 346.6505 0002884 293.3294 107.1560  1.00271308 37887
INTELSAT 907 (IS-907)   
1 27683U 03007A   13023.23130159 -.00000202  00000-0  10000-3 0  3767
2 27683   0.0180   2.1303 0003378 307.5009 228.8335  1.00271620 36426
GALAXY 12 (G-12)        
1 27715U 03013B   13024.16652894  .00000059  00000-0  10000-3 0  6502
2 27715   0.0124  90.6502 0002308 206.9481 116.9714  1.00273434 35951
GALAXY 23 (G-23)        
1 27854U 03034A   13024.78430734  .00000013  00000-0  10000-3 0  6425
2 27854   0.0198  27.0177 0003192 271.0089 347.5649  1.00273392 34712
GALAXY 13 (HORIZONS-1)  
1 27954U 03044A   13022.37697406  .00000048  00000-0  00000+0 0  4994
2 27954   0.0176  72.8545 0000302  51.0762   6.6315  1.00274006 34176
INTELSAT 10-02          
1 28358U 04022A   13023.79648847  .00000000  00000-0  10000-3 0  4603
2 28358   0.0623  46.9393 0000296 237.8561 124.2391  1.00270319 30336
GALAXY 28 (G-28)        
1 28702U 05022A   13024.32338801 -.00000185  00000-0  10000-3 0  4068
2 28702   0.0296  71.9315 0002142  98.0367 341.2165  1.00271381 27842
GALAXY 14 (G-14)        
1 28790U 05030A   13024.13845192  .00000037  00000-0  10000-3 0  4536
2 28790   0.0154   0.0546 0002424 296.1379 112.2610  1.00274154 27255
GALAXY 15 (G-15)        
1 28884U 05041A   13021.36610578  .00000078  00000-0  10000-3 0  4380
2 28884   0.0124 329.2357 0001228 299.5274 210.9030  1.00273031 26652
GALAXY 16 (G-16)        
1 29236U 06023A   13022.32750358 -.00000127  00000-0  10000-3 0  3779
2 29236   0.0197  89.0692 0002976 213.4332 198.2060  1.00272080 24199
GALAXY 17 (G-17)        
1 31307U 07016B   13022.53073539 -.00000174  00000-0  00000+0 0   747
2 31307   0.0129  65.9212 0002972 225.1583 290.9698  1.00270516 21007
INTELSAT 11 (IS-11)     
1 32253U 07044B   13024.32452383 -.00000268  00000-0  10000-3 0  7977
2 32253   0.0439 241.3413 0003458  74.4580 241.8061  1.00271777 19474
HORIZONS-2              
1 32388U 07063B   13024.52438140  .00000000  00000-0  10000-3 0  9249
2 32388   0.0110 349.5332 0002862 322.7073  85.3660  1.00267862 18930
GALAXY 18 (G-18)        
1 32951U 08024A   13024.78848868  .00000025  00000-0  10000-3 0  7440
2 32951   0.0324 172.2819 0002980 127.4909 345.3301  1.00273735 17164
INTELSAT 25 (IS-25)     
1 33153U 08034A   13022.32918824 -.00000224  00000-0  10000-3 0  7918
2 33153   0.0222  22.8818 0002408 250.7183 295.2153  1.00272525 16673
INTELSAT 14 (IS-14)     
1 36097U 09064A   13023.88402993  .00000000  00000-0  10000-3 0  4872
2 36097   0.0195  14.1550 0001663 288.2581  94.0543  1.00262923 11505
INTELSAT 15 (IS-15)     
1 36106U 09067A   13024.49126745  .00000000  00000-0  10000-3 0  6975
2 36106   0.0226 352.3110 0003609 306.8533  86.7171  1.00265717 11550
INTELSAT 16 (IS-16)     
1 36397U 10006A   13023.93656756  .00000000  00000-0  10000-3 0  5946
2 36397   0.0056 336.5245 0001940 342.9564  82.9473  1.00265743 10581
INTELSAT 17 (IS-17)     
1 37238U 10065B   13024.62222691 -.00000001  00000-0  10000-3 0  3872
2 37238   0.0014 128.8556 0002835 164.6900 120.5281  1.00272759  7985
INTELSAT NEW DAWN       
1 37392U 11016A   13023.81467649  .00000156  00000-0  10000-3 0  3762
2 37392   0.0105  67.8550 0000898 229.4714 152.0579  1.00274798  6482
INTELSAT 18 (IS-18)     
1 37834U 11056A   13022.54005205  .00000053  00000-0  10000-3 0  2655
2 37834   0.0209 298.2840 0001726  26.2118 171.9499  1.00272043  4897
INTELSAT 22 (IS-22)     
1 38098U 12011A   13024.58141252  .00000000  00000-0  10000-3 0  1638
2 38098   0.0364  37.3730 0002553 245.7556 122.3155  1.00269540  3150
INTELSAT 19 (IS-19)     
1 38356U 12030A   13023.53573828 -.00000056  00000-0  10000-3 0  1595
2 38356   0.0179 358.8383 0002394 313.1377 169.8861  1.00272228  2482
INTELSAT 20 (IS-20)     
1 38740U 12043A   13024.57270963  .00000000  00000-0  10000-3 0  1368
2 38740   0.0255  20.8631 0002046 317.5163  60.3384  1.00269334  1647
INTELSAT 21 (IS-21)     
1 38749U 12045A   13022.37382640 -.00000285  00000-0  10000-3 0  1109
2 38749   0.0192  16.0076 0000472 254.4047 287.9137  1.00266488  1625
INTELSAT 23 (IS-23)     
1 38867U 12057A   13023.38336164 -.00000285  00000-0  10000-3 0   621
2 38867   0.0231 330.1527 0001813  55.5048 182.2045  1.00272129  1053
