RADCAL                  
1 22698U 93041A   13024.09798867  .00000062  00000-0  21043-4 0  4322
2 22698  89.5422 318.6514 0088524 338.7848  20.9670 14.23008598 16534
STRV 1A                 
1 23125U 94034B   13024.40983380  .00002388  00000-0  61961-3 0  1144
2 23125   7.2490  73.7342 6761509 295.2212  10.9897  2.95364826177655
REX 2                   
1 23814U 96014A   13024.23088244  .00000119  00000-0  47110-4 0  7692
2 23814  90.1461 295.1837 0020568 328.1632 178.6994 14.24084903876967
COSMOS 2346             
1 24953U 97052A   13024.63427182  .00000022  00000-0  58751-5 0  6564
2 24953  82.9199  49.6011 0040209  32.3012 116.2090 13.79489598772255
ARGOS                   
1 25634U 99008A   13024.23440903  .00000026  00000-0  33938-4 0  7908
2 25634  98.8269  90.6733 0011106 140.5213 251.6499 14.19055372720829
HELIOS 1B               
1 25977U 99064A   13024.29148595  .00000480  00000-0  72399-4 0  8514
2 25977  98.2259  86.8432 0002523  87.6116 314.2503 14.78966440706492
MTI                     
1 26102U 00014A   13024.86210053  .00003507  00000-0  17341-3 0  6723
2 26102  97.3835 156.0188 0016240 216.2193 309.8981 15.18365455708730
STRV 1C                 
1 26610U 00072C   13019.40955317 -.00000405  00000-0  10000-3 0  4531
2 26610   6.1600 207.0642 7338692 206.3656  80.6452  2.03468882 90541
MIDSTAR-1               
1 30773U 07006B   13023.95965463  .00002745  00000-0  10582-3 0  6825
2 30773  46.0746 165.0533 0007103 125.9465 234.2095 15.29304192327817
CFESAT                  
1 30777U 07006F   13024.42055738  .00002718  00000-0  17162-3 0  5502
2 30777  35.4313  14.0360 0003180 134.6441 354.8531 15.08866086323560
NFIRE                   
1 31140U 07014A   13024.53046057  .00015606  00000-0  21768-3 0   155
2 31140  48.2210  29.1109 0004769 132.2032  12.2983 15.56958801326722
SPIRALE A               
1 33751U 09008C   13024.65781598  .00189672  65527-6  19297-2 0  1081
2 33751   2.1274 303.1321 6058545 160.0460 242.1905  4.05900085 38128
SPIRALE B               
1 33752U 09008D   13024.22978255  .00009432  00000-0  17128-2 0  9761
2 33752   2.0335  54.4077 7168530 285.0233  11.0688  2.43279490 33386
