COSMOS 2361             
1 25590U 98076A   13024.54445309  .00000025  00000-0  10650-4 0  1877
2 25590  82.9314 221.7775 0031785  26.2596 352.1133 13.72797364705767
COSMOS 2378             
1 26818U 01023A   13024.12132400  .00000043  00000-0  29651-4 0  2687
2 26818  82.9252 246.4897 0033095 348.8535  11.1891 13.73803735583143
COSMOS 2389             
1 27436U 02026A   13023.90358627 -.00000001  00000-0 -16094-4 0  9235
2 27436  82.9507 188.7284 0045883 227.6394 297.2898 13.74800748534889
COSMOS 2398             
1 27818U 03023A   13023.87214144  .00000073  00000-0  63285-4 0  8384
2 27818  82.9486 139.2641 0030340 217.3672 142.5375 13.72028084482791
COSMOS 2407             
1 28380U 04028A   13024.73066598  .00000042  00000-0  27361-4 0  6827
2 28380  82.9602  95.8747 0037673 248.0007 111.7148 13.75918719427363
COSMOS 2414             
1 28521U 05002A   13024.79021534  .00000081  00000-0  54982-4 0  6950
2 28521  82.9499 141.4824 0038927 230.2572 129.5160 13.87438118405798
COSMOS 2429             
1 32052U 07038A   13024.05173382 -.00000000  00000-0 -16122-4 0  5331
2 32052  82.9774 210.1173 0037681 211.2895 148.6015 13.74765499269499
COSMOS 2454             
1 35635U 09039A   13024.87232676  .00000067  00000-0  41646-4 0  3132
2 35635  82.9570 134.1673 0018348 206.1193 153.9048 13.89466519178251
COSMOS 2463             
1 36519U 10017A   13024.16761574  .00000088  00000-0  80644-4 0  4076
2 36519  82.9576 242.8114 0036930  22.8057 337.4726 13.71304918137482
