TRANSIT 16              
1 02807U 67048A   13023.18502516  .00000060  00000-0  78707-4 0  8795
2 02807  89.6800 160.7358 0020698  42.7095  58.1427 13.49883815248148
TRANSIT 17              
1 02965U 67092A   13023.22280701  .00000074  00000-0  93849-4 0  1009
2 02965  89.2471  22.0917 0047200 211.4943 205.2006 13.52601862235002
TRANSIT 18              
1 03133U 68012A   13023.80997388  .00000130  00000-0  18219-3 0  3507
2 03133  89.9605 282.3025 0076633 115.0755 286.9438 13.50703532210271
NNSS 19                 
1 04507U 70067A   13024.33229647  .00000087  00000-0  11188-3 0   428
2 04507  89.8314 291.0585 0171371 234.2346 278.1819 13.50336770 87416
NNSS O-20               
1 06909U 73081A   13023.93014043  .00000116  00000-0  10793-3 0  5162
2 06909  89.8605 338.9574 0159938 129.4975 295.2876 13.70014677159328
TRANSAT                 
1 10457U 77106A   13024.56948332  .00000036  00000-0  40694-4 0  4944
2 10457  89.7366 210.3426 0027359  77.3281   6.0749 13.48380349733484
NOVA I                  
1 12458U 81044A   13024.32741252  .00000042  00000-0  78637-4 0  8072
2 12458  90.0262 123.1440 0016306 116.1122 306.2947 13.22804037529968
NOVA 3                  
1 15362U 84110A   13023.16148481  .00000065  00000-0  13472-3 0  5529
2 15362  90.0091  50.4235 0030895 341.8943  85.5651 13.22576846365046
OSCAR 30                
1 15935U 85066A   13023.93393725  .00000050  00000-0  73561-4 0  1250
2 15935  90.0906  32.4131 0169946  35.0857  23.1278 13.35398748336428
OSCAR 24                
1 15936U 85066B   13023.91638961  .00000049  00000-0  71125-4 0  7723
2 15936  90.0795  28.0897 0170843  38.6834  22.8103 13.35287382338535
POLAR BEAR              
1 17070U 86088A   13023.62181667  .00000071  00000-0  62828-4 0  9270
2 17070  89.5272  44.4630 0036922 263.3785 245.3564 13.74490295313456
OSCAR 27                
1 18361U 87080A   13024.22660978  .00000103  00000-0  15733-3 0   977
2 18361  90.3636 279.7510 0105671  13.9985 131.6556 13.44212063243545
OSCAR 29                
1 18362U 87080B   13024.77237955  .00000094  00000-0  14374-3 0  3559
2 18362  90.3642 279.9499 0107598  25.7600   5.8013 13.43825615243346
OSCAR 23                
1 19070U 88033A   13023.60548581  .00000043  00000-0  75706-4 0  5683
2 19070  90.3028 220.4960 0187998 302.8641  86.9798 13.27226883198445
OSCAR 32                
1 19071U 88033B   13024.10119736  .00000022  00000-0  32294-4 0  9323
2 19071  90.3026 220.5940 0186472 292.1941 216.8540 13.27421413198695
NOVA 11                 
1 19223U 88052A   13024.76631286  .00000077  00000-0  16345-3 0  1032
2 19223  89.9866  91.3473 0030522  20.5932 128.6863 13.22505787187780
OSCAR 25                
1 19419U 88074A   13022.85820515  .00000043  00000-0  58801-4 0  3417
2 19419  89.9544  23.3399 0095890 348.2301  63.7797 13.41946809195274
OSCAR 31                
1 19420U 88074B   13022.63375632  .00000029  00000-0  35253-4 0   158
2 19420  89.9547  23.2962 0093758 343.1640 152.6007 13.41983772195345
