SIRIUS-1                
1 26390U 00035A   13022.52323069  .00000094  00000-0  00000+0 0  1259
2 26390  60.3755 244.6863 2704265 270.3368  59.2318  1.00276837 46031
SIRIUS-2                
1 26483U 00051A   13022.18923441 -.00000027  00000-0  10000-3 0  7610
2 26483  64.0211 124.5328 2681388 270.2053  58.6575  1.00270484 45369
SIRIUS-3                
1 26626U 00077A   13022.85383561 -.00000124  00000-0  10000-3 0   547
2 26626  64.3647   4.4404 2691730 269.5226  59.8806  1.00269865 44506
XM-2 (ROCK)             
1 26724U 01012A   13024.58532108 -.00000023  00000-0  10000-3 0  4239
2 26724   0.1029 275.7003 0003555  43.0333 260.7964  1.00272688 43503
XM-1 (ROLL)             
1 26761U 01018A   13024.09770883 -.00000023  00000-0  10000-3 0  2649
2 26761   0.0965 244.7389 0003609 347.4607 171.2879  1.00273666 42978
XM-3 (RHYTHM)           
1 28626U 05008A   13024.05698308 -.00000205  00000-0  10000-3 0  3138
2 28626   0.0238 253.7852 0000394  34.1733 130.9631  1.00271786 29015
XM-4 (BLUES)            
1 29520U 06049A   13022.41779185 -.00000023  00000-0  10000-3 0  9852
2 29520   0.0128 281.4321 0000375 340.3597 255.2631  1.00273565 22937
