RADUGA 32               
1 23448U 94087A   13023.56599619 -.00000061  00000-0  10000-3 0  5884
2 23448  12.7934  37.1188 0005691 126.2866 233.8150  1.00276973 83883
RADUGA-1 4              
1 25642U 99010A   13023.69477204  .00000135  00000-0  10000-3 0  6738
2 25642  11.7820  50.7757 0001001 110.4816 249.5761  1.00299850 50928
RADUGA-1 5              
1 26477U 00049A   13024.58727595  .00000000  00000-0  10000-3 0  5436
2 26477   9.3999  50.9457 0002917 354.1002   5.9558  1.00200388 45442
RADUGA-1 7              
1 28194U 04010A   13024.68690715  .00000000  00000-0  10000-3 0  6677
2 28194   6.8883  64.1586 0001614  20.3799 339.6599  1.00365159 32369
RADUGA-1M 1             
1 32373U 07058A   13023.85121154 -.00000038  00000-0  00000+0 0  4686
2 32373   0.0269  84.5000 0001988 199.7260 215.5245  1.00272558 19671
