LANDSAT 5               
1 14780U 84021A   13024.78839812 -.00012187  00000-0 -23077-2 0  6945
2 14780  98.1190  91.1037 0003294  46.8911 313.2506 14.64265865537268
SPOT 2                  
1 20436U 90005A   13024.90953860  .00000490  00000-0  90596-4 0  1739
2 20436  98.7051 176.6648 0152128 189.2333 170.6057 14.63365469198138
SCD 1                   
1 22490U 93009B   13023.60537263  .00000409  00000-0  64805-4 0   507
2 22490  24.9687 107.1446 0043366 312.5445  47.1417 14.43817210 53254
ERS-2                   
1 23560U 95021A   13023.84013667  .00003372  00000-0  24214-3 0  5589
2 23560  98.5291 162.3127 0003549 302.9442 216.9333 15.05106099932534
RADARSAT-1              
1 23710U 95059A   13024.85479375  .00000205  00000-0  96387-4 0  3076
2 23710  98.5817  34.1513 0001060  88.7942  32.4884 14.29977558899120
TOMS EP                 
1 23940U 96037A   13024.55034103  .00000331  00000-0  89909-4 0  1598
2 23940  97.9137 210.0379 0028301 229.4722 130.4015 14.53095641880660
MIDORI (ADEOS)          
1 24277U 96046A   13024.87906385  .00000067  00000-0  43853-4 0  1366
2 24277  98.5408 330.2150 0001347  47.0388  27.1120 14.28851459857074
ORBVIEW 2 (SEASTAR)     
1 24883U 97037A   13023.87039343  .00000057  00000-0  36688-4 0  9422
2 24883  98.4366 142.3448 0002395 160.5173 199.6098 14.32577191821992
IRS-1D                  
1 24971U 97057A   13024.87274434  .00000124  00000-0  58966-4 0  3742
2 24971  98.2166  12.7182 0053195 321.3404  38.3981 14.33271262801550
TRMM                    
1 25063U 97074A   13024.70290908  .00014040  00000-0  19593-3 0  2259
2 25063  34.9607 263.8467 0000929 268.0788  91.9823 15.55967742865442
SPOT 4                  
1 25260U 98017A   13024.85278805 -.00000005  00000-0  17635-4 0  1975
2 25260  98.5343  84.9642 0001446  67.5496 292.5826 14.20109051769340
FASAT B                 
1 25395U 98043B   13024.48025909  .00000026  00000-0  28980-4 0  5350
2 25395  98.3490   6.4857 0001713 316.8334 189.3113 14.24618544755977
TECHSAT 1B (GO-32)      
1 25397U 98043D   13023.92705823 -.00000071  00000-0 -13223-4 0  9811
2 25397  98.3923 358.1089 0001532  37.9893 322.1378 14.23318475755423
SCD 2                   
1 25504U 98060A   13023.89198437  .00000273  00000-0  26972-4 0  3612
2 25504  24.9961 298.9916 0016826  12.8385 347.2550 14.43430810752708
LANDSAT 7               
1 25682U 99020A   13024.72651068  .00000084  00000-0  28754-4 0  8315
2 25682  98.2105  96.3242 0000979 115.3066 244.8222 14.57107233732945
KITSAT 3                
1 25756U 99029A   13024.68541344  .00000126  00000-0  41897-4 0   284
2 25756  98.5149 271.4329 0015173 117.2319 276.8126 14.52914531724439
DLR-TUBSAT              
1 25757U 99029B   13024.67292277  .00000049  00000-0  24119-4 0  7652
2 25757  98.5591 264.3062 0014553 157.1800 203.0038 14.51018532723758
IRS-P4 (OCEANSAT 1)     
1 25758U 99029C   13024.19946098  .00000187  00000-0  57919-4 0  2615
2 25758  98.2496 117.3751 0002436 142.5263 217.6103 14.51295007723848
QUIKSCAT                
1 25789U 99034A   13024.59197009  .00000039  00000-0  33913-4 0  5111
2 25789  98.6177 216.5231 0001392  54.4729 305.6581 14.26979918708321
IKONOS 2                
1 25919U 99051A   13024.80359122  .00000043  00000-0  17033-4 0  6048
2 25919  98.1046 101.9752 0000906  95.5812 264.5477 14.64461062712904
CBERS 1 (ZY 1A)         
1 25940U 99057A   13024.49651130  .00000010  00000-0  18142-4 0  3859
2 25940  98.2988 346.2391 0006409 103.2496  46.6186 14.34755100695672
TERRA                   
1 25994U 99068A   13024.80996845  .00000110  00000-0  34543-4 0  7825
2 25994  98.2100 101.7664 0001061  92.9768 267.1532 14.57115883697039
ARIRANG 1 (KOMPSAT-1)   
1 26032U 99070A   13024.83803128  .00000381  00000-0  76623-4 0  7023
2 26032  97.7594 226.1793 0005284  21.4096 338.7328 14.66631537700538
EO-1                    
1 26619U 00075A   13024.83542492 -.00000587  00000-0 -10579-3 0  1329
2 26619  98.0507  90.7620 0011152 131.2655 228.9438 14.62846892648837
SAC-C                   
1 26620U 00075B   13024.51528237  .00000316  00000-0  79574-4 0  8165
2 26620  97.9138   7.9217 0001111  98.6058 261.5275 14.57096501647453
EROS A1                 
1 26631U 00079A   13024.78978806  .00004254  00000-0  26657-3 0  9384
2 26631  97.6289  99.6023 0012233 170.2705 338.1333 15.09839481673832
QUICKBIRD 2             
1 26953U 01047A   13024.81346752  .00007226  00000-0  18343-3 0  2759
2 26953  97.1925  91.2420 0001589  98.3900  38.1433 15.39956712632988
TES                     
1 26957U 01049A   13024.82089614  .00016387  00000-0  12443-2 0  2322
2 26957  97.7505 105.6005 0053021  72.2969 288.3874 15.01132209616857
JASON 1                 
1 26997U 01055A   13023.91100454 -.00000072  00000-0 -45459-4 0  6097
2 26997  66.0377 212.5844 0006703 283.9010 222.5050 12.83924324520763
METEOR-3M               
1 27001U 01056A   13024.51097961 -.00000048  00000-0 -70691-5 0  2513
2 27001  99.2027 201.5902 0013686 203.5322 221.5747 13.68744658555725
BADR-B                  
1 27003U 01056C   13024.13245134 -.00000035  00000-0  71684-5 0  2754
2 27003  99.1556 206.9436 0020218 197.4407 272.5007 13.70146633556298
MAROC-TUBSAT            
1 27004U 01056D   13023.50588579  .00000024  00000-0  74373-4 0   390
2 27004  99.1586 205.4574 0018988 202.2076 157.8251 13.70062840556177
SPOT 5                  
1 27421U 02021A   13024.93291193  .00000170  00000-0  10000-3 0  1161
2 27421  98.6293  97.3414 0001046 109.7810   0.3349 14.20076990556182
AQUA                    
1 27424U 02022A   13024.48612778 -.00001361  00000-0 -29192-3 0  5645
2 27424  98.2206 327.8243 0001488  82.4707 277.6506 14.57131446570591
HAIYANG-1A              
1 27430U 02024A   13024.17567970  .00000108  00000-0  57506-4 0  1354
2 27430  98.2985  63.6798 0009927 143.7440 262.3159 14.30129783558271
ALSAT 1                 
1 27559U 02054A   13023.79546826  .00000304  00000-0  58055-4 0  7032
2 27559  97.7745 229.4979 0024589 108.7665 311.5535 14.70176517543095
MIDORI II (ADEOS-II)    
1 27597U 02056A   13023.63591625  .00000103  00000-0  59542-4 0  9273
2 27597  98.3022  53.6229 0001480  71.6130  75.0718 14.26512072526443
IRS-P6 (RESOURCESAT-1)  
1 28051U 03046A   13024.71851253 -.00000300  00000-0 -11649-3 0  6975
2 28051  98.7708 102.4152 0002880 294.4280  65.6562 14.21602009481311
CBERS 2 (ZY 1B)         
1 28057U 03049A   13024.85884278  .00000072  00000-0  39636-4 0  1484
2 28057  98.1585  32.9288 0001035  46.1549 313.9722 14.35036643485379
TANSUO 1 (TS 1)         
1 28220U 04012A   13024.54082347  .00000865  00000-0  91536-4 0  4143
2 28220  97.4857   8.8411 0012942 124.7777  23.7117 14.91516446476516
FORMOSAT-2 (ROCSAT 2)   
1 28254U 04018A   13024.85974749  .00000106  00000-0  10000-3 0  7402
2 28254  98.9371  89.9335 0001312 156.8567 331.5352 14.00784413443995
AURA                    
1 28376U 04026A   13024.90375718  .00000312  00000-0  79288-4 0  7035
2 28376  98.2204 330.4228 0001015 103.4512 256.6808 14.57075736453707
PARASOL                 
1 28498U 04049G   13023.96449993  .00000333  00000-0  79366-4 0  5507
2 28498  98.4424 355.4763 0001220  74.6059 285.5277 14.60116423431061
IRS-P5 (CARTOSAT-1)     
1 28649U 05017A   13024.74813246 -.00000126  00000-0 -88952-5 0  6970
2 28649  97.8861 101.6744 0001888 130.2922 229.8468 14.83428404418119
TOPSAT                  
1 28891U 05043B   13024.72519379  .00000169  00000-0  44021-4 0   760
2 28891  97.8716 243.6582 0017165 170.0431 190.1124 14.60256153386103
SINAH 1                 
1 28893U 05043D   13024.66228616  .00000119  00000-0  33495-4 0  5927
2 28893  97.8807 246.0484 0016070 168.3886 223.9507 14.60476628386170
ALOS (DAICHI)           
1 28931U 06002A   13024.79876737  .00000319  00000-0  75522-4 0  8015
2 28931  98.0511  93.9803 0001027  40.3707 319.7554 14.60237638373111
EROS B                  
1 29079U 06014A   13024.84612013  .00008144  00000-0  39043-3 0  5921
2 29079  97.4423 145.4505 0005967  91.5358  54.7214 15.19150269374512
RSS-1 (YAOGAN 1)        
1 29092U 06015A   13024.53655111  .00000216  00000-0  34598-4 0  3188
2 29092  97.9459  18.1796 0001372 104.6019  42.2035 14.81106303364683
RESURS-DK 1             
1 29228U 06021A   13024.88434662  .00000638  00000-0  59222-4 0  4157
2 29228  69.9348 213.3183 0007333 278.8358  81.1966 14.99761691367349
ARIRANG 2 (KOMPSAT-2)   
1 29268U 06031A   13024.85107647  .00000303  00000-0  69948-4 0  2118
2 29268  98.2398 281.5983 0015509  12.7505 347.4091 14.61999213346572
LAPAN-TUBSAT            
1 29709U 07001A   13024.70431954  .00000261  00000-0  40203-4 0  7145
2 29709  97.6415  51.8573 0012282 311.4651  48.5497 14.80830949326415
CARTOSAT-2 (IRS-P7)     
1 29710U 07001B   13024.81393996  .00000461  00000-0  69740-4 0  6870
2 29710  97.8767  85.8773 0000758  75.1868 284.9400 14.78703378326105
HAIYANG-1B              
1 31113U 07010A   13024.74067321  .00000121  00000-0  63263-4 0  4394
2 31113  98.3807  82.8668 0015537 144.0366 216.1855 14.29803341302186
COSMO-SKYMED 1          
1 31598U 07023A   13024.72277518 -.00000133  00000-0 -10237-4 0  2648
2 31598  97.8692 212.2440 0001285  79.6153 280.5207 14.82164264304785
TERRASAR-X              
1 31698U 07026A   13024.89684323  .00001319  00000-0  65962-4 0  6730
2 31698  97.4442  34.4614 0001310  86.7768   8.7357 15.19154276311318
WORLDVIEW-1 (WV-1)      
1 32060U 07041A   13024.84327243  .00003263  00000-0  13514-3 0  9818
2 32060  97.3327 102.6073 0003849  64.7240  71.9274 15.24615539297830
CBERS 2B                
1 32062U 07042A   13024.69744093  .00000075  00000-0  37985-4 0  5778
2 32062  98.3567  97.8431 0032009 335.8844  24.0834 14.38923533280848
YAOGAN 3                
1 32289U 07055A   13024.76751735  .00000369  00000-0  54180-4 0  7709
2 32289  97.8999  17.4552 0001223 110.6358 249.4970 14.81087902281256
COSMO-SKYMED 2          
1 32376U 07059A   13024.75654036  .00000591  00000-0  80726-4 0  6672
2 32376  97.8687 212.2776 0001300  83.4682 276.6680 14.82159815277533
RADARSAT-2              
1 32382U 07061A   13024.87730601  .00000007  00000-0  19679-4 0  6499
2 32382  98.5775  34.7188 0001036  89.5197 319.6883 14.29981624267011
CARTOSAT-2A             
1 32783U 08021A   13024.72539860  .00000115  00000-0  22562-4 0  2591
2 32783  97.8793  86.4261 0016277 105.3598 254.9407 14.78720471256037
IMS-1                   
1 32786U 08021D   13024.77046048  .00000842  00000-0  11671-3 0  7499
2 32786  97.7750  81.7897 0014397  73.4533 286.8237 14.80419254256289
JASON 2 (OSTM)          
1 33105U 08032A   13024.08055193 -.00000050  00000-0  46041-4 0  5177
2 33105  66.0397 215.6249 0007090 270.6029  89.4182 12.80930237215012
RAPIDEYE 2              
1 33312U 08040A   13024.75331070  .00000297  00000-0  46337-4 0  9232
2 33312  97.9108 116.2918 0013063 153.2593 206.9314 14.79817524238070
RAPIDEYE 5              
1 33313U 08040B   13024.71150618  .00000387  00000-0  57977-4 0  9104
2 33313  97.9063 115.3153 0019446  35.9961 324.2547 14.79986217238010
RAPIDEYE 1              
1 33314U 08040C   13024.83391030 -.00031566  00000-0 -41869-2 0  9615
2 33314  97.9094 116.3875 0025246 167.3642 192.8432 14.79765225238070
RAPIDEYE 3              
1 33315U 08040D   13024.80452895 -.00022057  00000-0 -29270-2 0  8931
2 33315  97.9050 115.3144 0015055 105.0428 255.2506 14.79809420238037
RAPIDEYE 4              
1 33316U 08040E   13024.72324971  .00000378  00000-0  56769-4 0  8896
2 33316  97.9039 115.0308 0014102  55.3209 304.9319 14.79993558238018
HJ-1A                   
1 33320U 08041A   13024.73882235  .00000255  00000-0  45373-4 0  8506
2 33320  97.8398  92.5540 0027901 149.4734 210.8095 14.74609140236139
HJ-1B                   
1 33321U 08041B   13024.70752890  .00000687  00000-0  10944-3 0  9074
2 33321  97.8420  92.8250 0037261 166.6872 193.5310 14.74605418236110
GEOEYE 1                
1 33331U 08042A   13024.83738414  .00000056  00000-0  19536-4 0  8667
2 33331  98.1066 100.8127 0008626 250.6066 109.4180 14.64448177234324
THEOS                   
1 33396U 08049A   13024.85141608  .00000169  00000-0  10000-3 0  6636
2 33396  98.7744  93.7870 0001066 114.0734  17.7896 14.20125600223783
COSMO-SKYMED 3          
1 33412U 08054A   13024.74387259  .00000322  00000-0  46980-4 0  6956
2 33412  97.8691 212.2649 0001265  86.8616 273.2747 14.82163959229991
YAOGAN 4                
1 33446U 08061A   13024.83552955  .00000212  00000-0  38900-4 0  6072
2 33446  97.7612  85.3316 0018664 104.3514 255.9741 14.74594652223415
YAOGAN 5                
1 33456U 08064A   13024.92431072  .00009741  00000-0  23267-3 0  6101
2 33456  97.2321  99.7051 0008829  27.1819 103.2857 15.41677338229568
GOSAT (IBUKI)           
1 33492U 09002A   13024.83852609  .00000108  00000-0  27426-4 0  1135
2 33492  98.0792 136.5432 0001039  56.1128 304.0118 14.67543066214521
YAOGAN 6                
1 34839U 09021A   13024.82706241 -.00000820  00000-0 -37334-4 0  2189
2 34839  97.3311 112.4188 0001010 124.9706  23.5447 15.17864946208588
RAZAKSAT                
1 35578U 09037A   13024.80048754  .00000897  00000-0  62308-4 0  9002
2 35578   8.9855  92.2094 0017431  44.5684 315.5925 14.65567273189585
DEIMOS-1                
1 35681U 09041A   13024.89426939  .00000165  00000-0  35698-4 0  8746
2 35681  98.0173 286.2218 0001694  90.3490 269.7908 14.69881010187305
OCEANSAT 2              
1 35931U 09051A   13024.34916904  .00000303  00000-0  87968-4 0  2645
2 35931  98.2774 122.5222 0003706 104.4403 285.6649 14.50841381176760
WORLDVIEW-2             
1 35946U 09055A   13024.70667776 -.00000014  00000-0  96647-5 0  6644
2 35946  98.4638 107.0291 0001402 141.2974 218.8308 14.37698139172968
SMOS                    
1 36036U 09059A   13023.52460878  .00000178  00000-0  70650-4 0  9921
2 36036  98.4425 213.0694 0001130 107.7781 310.7521 14.39754038169574
YAOGAN 7                
1 36110U 09069A   13024.76023060 -.00000040  00000-0  16817-5 0  4784
2 36110  97.9906 160.7732 0025138 211.4354 148.5352 14.74622822168391
TANDEM-X                
1 36605U 10030A   13024.55006185  .00001213  00000-0  57783-4 0  2831
2 36605  97.4465  34.1184 0001334  78.1912 281.9997 15.19153006144002
CARTOSAT 2B             
1 36795U 10035A   13024.83560350  .00000423  00000-0  64566-4 0  8538
2 36795  97.8808  88.3770 0015933 174.6842 185.4539 14.78723859137097
YAOGAN 10               
1 36834U 10038A   13024.81728712  .00000070  00000-0  90577-5 0  7473
2 36834  97.8468  25.9771 0000869  93.4908 266.6906 14.81024455133012
COSMO-SKYMED 4          
1 37216U 10060A   13024.77342007  .00000415  00000-0  58686-4 0  4897
2 37216  97.8694 212.2955 0001416  79.9413 280.1957 14.82159786120089
SAC-D                   
1 37673U 11024A   13024.65541553  .00000201  00000-0  39603-4 0  5318
2 37673  98.0124  34.1395 0001475 102.4287  33.9052 14.72310365 87401
RASAT                   
1 37791U 11044D   13024.76503424  .00000221  00000-0  51819-4 0  6347
2 37791  98.2126 108.6803 0023318 120.2326 240.1174 14.63566781 76993
MEGHA-TROPIQUES         
1 37838U 11058A   13023.53026264  .00000376  00000-0  63107-4 0  3330
2 37838  19.9775 114.6016 0009958  92.1088  30.4165 14.09694143 66278
SRMSAT                  
1 37841U 11058D   13024.56406746  .00000264  00000-0  00000+0 0  3182
2 37841  19.9703 106.2594 0012093  99.6759 260.5086 14.10196386 66470
YAOGAN 13               
1 37941U 11072A   13024.86029289  .00004171  00000-0  19722-3 0  3125
2 37941  97.3654 318.7267 0002107  86.0501 358.5132 15.19925232 64145
PLEIADES 1A             
1 38012U 11076F   13024.82078163  .00000184  00000-0  49261-4 0  2413
2 38012  98.1723 101.9776 0001091  83.6887 276.4418 14.58581190 58993
ZIYUAN 1-02C (ZY 1-02C) 
1 38038U 11079A   13024.75848770  .00000155  00000-0  69369-4 0  2188
2 38038  98.5160 103.2858 0001005 122.0180 238.1103 14.35374380 57334
ZIYUAN 3 (ZY 3)         
1 38046U 12001A   13024.77211617  .00003477  00000-0  15788-3 0  1925
2 38046  97.4525 103.1275 0004503  19.3362 133.2990 15.21440919 58028
RISAT 1                 
1 38248U 12017A   13024.91624479  .00000605  00000-0  42297-4 0  8569
2 38248  97.5940  33.2113 0001787 108.8269 334.5023 15.08945059 41316
ARIRANG 3 (KOMPSAT-3)   
1 38338U 12025B   13024.90024462  .00000336  00000-0  76953-4 0  5040
2 38338  98.1522 326.9348 0010527 325.3420  34.7087 14.61688963 36845
SPOT 6                  
1 38755U 12047A   13024.83721851  .00000421  00000-0  10028-3 0  4847
2 38755  98.1847  94.6430 0001223  99.9337 260.1997 14.58577168 20076
