SARSAT 7 (NOAA 15)      
1 25338U 98030A   13024.49564663  .00000149  00000-0  82268-4 0  5871
2 25338  98.7111  15.5710 0010361 181.3509 178.7651 14.25172278764378
SARSAT 8 (NOAA 16)      
1 26536U 00055A   13024.49498037 -.00000084  00000-0 -20360-4 0   659
2 26536  99.0649  75.6989 0010561 176.7358 183.3890 14.12830703636281
GPS BIIR-07 [DASS]      
1 26690U 01004A   13023.67650473  .00000074  00000-0  10000-3 0  7280
2 26690  53.1740 224.9209 0138251 238.6798 120.0064  2.00553325 87830
GOES 12                 
1 26871U 01031A   13022.32850980 -.00000286  00000-0  10000-3 0  9050
2 26871   2.7397  70.7498 0002837 258.1992 210.6083  1.00256882 42193
SARSAT 9 (NOAA 17)      
1 27453U 02032A   13024.49151051  .00000157  00000-0  85347-4 0  9987
2 27453  98.3203  46.1457 0010994 223.7886 136.2423 14.24534655550262
MSG-1                   
1 27509U 02040B   13022.12161980  .00000059  00000-0  10000-3 0  2132
2 27509   1.8213  62.0470 0000593 159.5169 313.1096  1.00266672 38185
GPS BIIR-08 [DASS]      
1 27663U 03005A   13024.04479510 -.00000025  00000-0  10000-3 0  1592
2 27663  56.3485  47.4521 0068152 359.8901   0.1670  2.00576678 73192
INSAT 3A                
1 27714U 03013A   13023.81250759 -.00000258  00000-0  10000-3 0  5013
2 27714   0.0160  90.3766 0005970 199.5086 219.3942  1.00271852 35903
GPS BIIR-11 [DASS]      
1 28190U 04009A   13023.66235152 -.00000040  00000-0  10000-3 0  6099
2 28190  55.1084 109.9456 0087082  14.8781 345.3984  2.00565796 64852
GPS BIIR-12 [DASS]      
1 28361U 04023A   13023.94931653 -.00000027  00000-0  10000-3 0  4289
2 28361  54.8473 285.4649 0081879 194.9149 164.9062  2.00552554 62948
GPS BIIR-13 [DASS]      
1 28474U 04045A   13023.45064244  .00000010  00000-0  10000-3 0  3153
2 28474  53.7848 163.6407 0119929 206.9387 152.3940  2.00572965 60292
SARSAT 10 (NOAA 18)     
1 28654U 05018A   13024.33815407 -.00000045  00000-0  47679-6 0  4792
2 28654  99.0776 350.6334 0013540 252.5838 107.3858 14.11762145395769
GPS IIR-14M [DASS]      
1 28874U 05038A   13023.80690864 -.00000038  00000-0  10000-3 0  5740
2 28874  55.2646 106.9399 0081666 231.4365 127.8571  2.00550841 53720
MSG-2                   
1 28912U 05049B   13022.26882936  .00000039  00000-0  10000-3 0  3903
2 28912   0.3769   2.2255 0002325 115.9957 102.9008  1.00411920 26033
GOES 13                 
1 29155U 06018A   13023.36440068 -.00000250  00000-0  10000-3 0  3892
2 29155   0.3396  93.4620 0001147 335.8490 110.0437  1.00273602 24456
SARSAT 11 (METOP-A)     
1 29499U 06044A   13024.56803906  .00000534  00000-0  26383-3 0  9520
2 29499  98.6721  86.3370 0002074 110.3918 249.7495 14.21505843325172
GPS IIR-16M [DASS]      
1 29601U 06052A   13024.35674804 -.00000024  00000-0  10000-3 0  9966
2 29601  56.3049  46.3880 0041598   4.7787 355.3230  2.00567394 45349
GPS IIR-17M [DASS]      
1 32260U 07047A   13023.66972461 -.00000026  00000-0  00000+0 0  7032
2 32260  53.9969 283.2271 0051836   4.1414 355.9631  2.00560789 38727
GPS IIR-18M [DASS]      
1 32384U 07062A   13024.48390830  .00000000  00000-0  10000-3 0  7419
2 32384  55.2994 107.4067 0020794 293.2269  66.5929  2.00561179 37464
SARSAT 12 (NOAA 19)     
1 33591U 09005A   13024.25406639  .00000347  00000-0  21542-3 0  6640
2 33591  98.8869 327.5601 0014711 115.0871 245.1850 14.11450454204192
GOES 14                 
1 35491U 09033A   13024.35231984 -.00000102  00000-0  10000-3 0  8056
2 35491   0.0768 256.1052 0001138 114.8448 138.7964  1.00185672 13135
GOES 15                 
1 36411U 10008A   13024.49244508  .00000085  00000-0  10000-3 0  4127
2 36411   0.1140 253.1421 0003015  45.0452 228.4029  1.00285725 10637
ELEKTRO-L 1             
1 37344U 11001A   13024.84508770 -.00000096  00000-0  10000-3 0  5270
2 37344   0.0697 296.0694 0001330 304.7239 263.7442  1.00271760  7432
GLONASS-K 1             
1 37372U 11009A   13024.64970020 -.00000017  00000-0  10000-3 0  5721
2 37372  64.8407 118.9431 0005936 231.1011 274.5164  2.13107369 14862
LUCH 5A                 
1 37951U 11074B   13024.26761321 -.00000042  00000-0  00000+0 0  2669
2 37951   4.0095 261.6410 0004391 357.3249 128.1696  1.00274053  4138
MSG-3                   
1 38552U 12035B   13022.32681843  .00000025  00000-0  10000-3 0  1901
2 38552   1.4061 250.0341 0000616 162.1349 187.5133  1.00411652  2157
SARSAT 13 (METOP-B)     
1 38771U 12049A   13024.74638761 -.00000011  00000-0  15106-4 0  1200
2 38771  98.7228  86.9578 0001547 218.2640 141.8416 14.21479614 18336
GALILEO-FM3 (GSAT0103)  
1 38857U 12055A   13022.01510657  .00000062  00000-0  10000-3 0   451
2 38857  55.2899 236.7237 0000309 185.4015 174.6674  1.70473479  1735
GALILEO-FM4 (GSAT0104)  
1 38858U 12055B   13024.29632677  .00000070  00000-0  00000+0 0   411
2 38858  55.2887 236.6612 0000623  54.6124 305.4646  1.70473462  1775
