ALOUETTE 1 (S-27)       
1 00424U 62049A   13024.54783130  .00000037  00000-0  32592-4 0   909
2 00424  80.4652  53.3732 0022282 250.2317 256.2154 13.68857261511915
IUE                     
1 10637U 78012A   13024.13078589  .00000000  00000-0  10000-3 0  8641
2 10637  43.9500 357.9133 1480987 179.2060 181.1173  1.00070806 80634
IRAS                    
1 13777U 83004A   13024.61268090  .00000219  00000-0  17796-3 0  1225
2 13777  99.0065 223.4861 0017799 176.2689 215.1910 14.00181090201954
AKEBONO (EXOS-D)        
1 19822U 89016A   13024.59182797  .00021461  40020-6  57698-3 0  4476
2 19822  75.0662 185.7865 2429139 218.5751 161.6826 10.56907667729925
INTERCOSMOS 24          
1 20261U 89080A   13024.84646819  .00000440  00000-0  12803-3 0  9661
2 20261  82.5961 328.3559 1211821 192.4392 164.4125 12.54252401 64688
COBE                    
1 20322U 89089A   13024.50549068  .00000278  00000-0  20201-3 0  9546
2 20322  99.0033  36.2363 0009194  60.9319 102.3318 14.04530450188077
HST                     
1 20580U 90037B   13023.73208723  .00001318  00000-0  82740-4 0  1603
2 20580  28.4691 139.5192 0003334 243.1603 116.8646 15.03235172 47933
CRRES                   
1 20712U 90065A   13024.20728218  .00000253  00000-0  26863-3 0  5761
2 20712  17.8038 241.7153 7125212   6.9726 301.5219  2.43878752189100
SARA                    
1 21578U 91050E   13024.53642638  .00000314  00000-0  89535-4 0  6488
2 21578  98.4033   1.1741 0004310  99.1225  12.5890 14.51642236135437
ORBVIEW 1 (MICROLAB)    
1 23547U 95017C   13024.83971220  .00000450  00000-0  11487-3 0   821
2 23547  69.9829 335.8259 0011210 193.8881 166.1950 14.56836001944395
RXTE (XTE)              
1 23757U 95074A   13023.87324672  .00004615  00000-0  11095-3 0  8216
2 23757  22.9898 325.9629 0006200  11.6603 348.4011 15.36629661947753
POLAR                   
1 23802U 96013A   13024.68981383 -.00000085  00000-0  10000-3 0  3767
2 23802  81.3458 306.0672 6723619  28.8920 355.5496  1.29844656 81341
FAST                    
1 24285U 96049A   13024.16290363  .00005951  00000-0  50844-3 0  6743
2 24285  82.9678 113.0120 1957556 169.5042 195.4016 11.35261045667212
TRACE                   
1 25280U 98020A   13024.61762070  .00001866  00000-0  14316-3 0  3954
2 25280  97.5937 228.7195 0032162 120.4502 239.9898 15.02616923808549
SAFIR 2                 
1 25399U 98043F   13024.57803292 -.00000037  00000-0  18656-5 0  4186
2 25399  98.3553   5.0319 0000930 310.0738  50.0346 14.24151383755844
SWAS                    
1 25560U 98071A   13024.41963650  .00000761  00000-0  90183-4 0  1134
2 25560  69.9028 324.1369 0005634  65.6701 294.5040 14.88898896766243
ASTRID 2                
1 25568U 98072B   13024.20687534  .00000086  00000-0  77880-4 0  2055
2 25568  82.9482  89.5868 0024330   2.3531  50.4033 13.72182138707264
ORSTED                  
1 25635U 99008B   13024.68462383  .00000316  00000-0  85541-4 0  7239
2 25635  96.4801 285.7692 0141082 320.8912  38.2164 14.46570867734142
SUNSAT (SO-35)          
1 25636U 99008C   13023.73808740  .00000155  00000-0  47960-4 0  4114
2 25636  96.4792 274.4511 0147220  13.5496  18.4435 14.43867183733046
ABRIXAS                 
1 25721U 99022A   13023.74604899  .00004440  00000-0  17017-3 0  6049
2 25721  48.4585 110.0955 0016818 110.1310  32.0357 15.28283841761090
TERRIERS                
1 25735U 99026A   13023.59410272  .00002579  00000-0  94593-4 0  7903
2 25735  97.0813 217.6857 0008096  73.0904 318.7297 15.28789259759569
FUSE 1                  
1 25791U 99035A   13023.88886106  .00000297  00000-0  34950-4 0  4396
2 25791  24.9839 174.5835 0010578  68.9642  67.9790 14.42113118716637
CXO                     
1 25867U 99040B   13022.48558414  .00000000  00000-0  10000-3 0  8451
2 25867  74.4010 348.8475 8669147 278.0742   4.4093  0.37813838 10086
CLEMENTINE              
1 25978U 99064B   13024.38143231  .00001380  00000-0  15473-3 0  8336
2 25978  98.1381 147.4781 0010775 149.8043 242.9442 14.88512831711584
XMM-NEWTON              
1 25989U 99066A   13023.26609805 -.00000056  00000-0  00000+0 0  3375
2 25989  63.8547  72.9606 7095520  95.4398 359.9194  0.50156085 12838
TERRA                   
1 25994U 99068A   13024.80996845  .00000110  00000-0  34543-4 0  7825
2 25994  98.2100 101.7664 0001061  92.9768 267.1532 14.57115883697039
ACRIMSAT                
1 26033U 99070B   13024.75732353  .00000100  00000-0  29240-4 0  7635
2 26033  97.8132 226.5950 0028854  11.2730 348.9104 14.61035877697896
IMAGE                   
1 26113U 00017A   13024.47431258  .00000224  00000-0 -35150-3 0  3221
2 26113  93.0568 229.0783 7566901 130.3061 343.9174  1.68641745 79037
CLUSTER II-FM6 (SALSA)  
1 26410U 00041A   13024.90309447  .00000558  00000-0  00000+0 0  9205
2 26410 138.1231 301.3469 7883010 115.4280 359.4205  0.44220214 10400
CLUSTER II-FM7 (SAMBA)  
1 26411U 00041B   13024.90151813  .00000558  00000-0  00000+0 0  8948
2 26411 138.1232 301.3465 7883019 115.4276 359.1698  0.44220283 10489
CLUSTER II-FM5 (RUMBA)  
1 26463U 00045A   13024.90446584  .00000648  00000-0  00000+0 0  9098
2 26463 141.0079 298.2334 7839049 113.6875 359.2644  0.44221702 10980
CLUSTER II-FM8 (TANGO)  
1 26464U 00045B   13005.56412503  .00000853  00000-0  00000+0 0  8563
2 26464 130.2025 285.9426 7849071 105.5655 359.4067  0.42551715 10269
MEGSAT-1                
1 26546U 00057B   13024.84004776  .00000488  00000-0  71781-4 0  8101
2 26546  64.5544 303.2395 0048680 264.4878  95.0667 14.86208492667829
HETE-2                  
1 26561U 00061A   13021.06243789  .00003094  00000-0  17915-3 0  8297
2 26561   1.9459 210.5670 0021550  12.7562 347.3152 14.99335665672345
MUNIN                   
1 26621U 00075C   13024.84794130  .00000604  00000-0  56825-3 0  5721
2 26621  95.4152 132.1219 0714027 246.1501 268.9490 13.03876768579406
ODIN                    
1 26702U 01007A   13024.80706217  .00001604  00000-0  13760-3 0  8536
2 26702  97.6434  41.5457 0005177  40.5628 319.5979 14.98880418650547
TIMED                   
1 26998U 01055B   13023.77338971  .00000388  00000-0  49323-4 0  3975
2 26998  74.0725 264.5173 0001561 321.7046  38.4022 14.85326201602879
RHESSI                  
1 27370U 02004A   13024.85605554  .00003700  00000-0  24157-3 0   356
2 27370  38.0394 329.9383 0012483 146.6710 213.4836 15.08161041602190
INTEGRAL                
1 27540U 02048A   13022.16666667  .00000572  00000-0  00000+0 0  2440
2 27540  62.9879 270.8046 8778400 252.5594 357.9446  0.33409287  8691
FEDSAT                  
1 27598U 02056B   13024.49659508  .00000014  00000-0  22019-4 0  8767
2 27598  98.2547  32.4093 0008026 307.2441 215.0472 14.28211769527259
WEOS                    
1 27599U 02056C   13024.12997314  .00000056  00000-0  38266-4 0  8776
2 27599  98.2485  40.6959 0008920 318.2830  84.1684 14.28829911527401
MICRO LABSAT            
1 27600U 02056D   13024.54594370  .00000027  00000-0  26835-4 0  8430
2 27600  98.2433  40.2954 0009853 317.6900 210.1914 14.29092669527573
CORIOLIS                
1 27640U 03001A   13024.06270481  .00000251  00000-0  14226-3 0   909
2 27640  98.7558  33.9376 0013554 234.5940 125.3975 14.18568032520343
CHIPSAT                 
1 27643U 03002B   13024.63319645  .00001417  00000-0  11419-3 0  2854
2 27643  94.0237 268.2593 0013976  68.9501 291.3217 15.00275596548214
SORCE                   
1 27651U 03004A   13024.65471973  .00000618  00000-0  87632-4 0    97
2 27651  39.9955 238.7737 0024316 159.5998 200.5751 14.84227252541908
GALEX                   
1 27783U 03017A   13024.71972425  .00000338  00000-0  47090-4 0  6978
2 27783  28.9980 157.3840 0003957  79.4877 280.6173 14.60567173520508
MOST                    
1 27843U 03031D   13024.78182041 -.00000009  00000-0  16351-4 0  5662
2 27843  98.7183  34.7192 0009003 321.2446 136.7998 14.20277288496195
QUAKESAT                
1 27845U 03031F   13024.89313696  .00000174  00000-0  10072-3 0  6103
2 27845  98.7126  36.0144 0008031 328.6388  79.0247 14.20910812496241
AAU CUBESAT             
1 27846U 03031G   13024.54313210  .00000192  00000-0  10791-3 0  4777
2 27846  98.6924  35.9512 0008584 284.7208  75.3013 14.21390453496457
SCISAT 1                
1 27858U 03036A   13024.74777482  .00000239  00000-0  40128-4 0  8484
2 27858  73.9351 110.8113 0008986 227.4861 132.5551 14.75574288508989
STSAT-1                 
1 27945U 03042G   13023.58097614  .00000194  00000-0  45745-4 0  7783
2 27945  97.7962 219.3800 0011500 299.8952  60.1106 14.63631879498095
GP-B                    
1 28230U 04014A   13024.89649803  .00000435  00000-0  59730-4 0  6437
2 28230  89.9090 146.3475 0003410  93.7217 266.4395 14.76826764472176
DEMETER                 
1 28368U 04025C   13024.83657718  .00000291  00000-0  54182-4 0  6626
2 28368  97.8336  74.8959 0001981  65.6837 294.4563 14.71825760459407
DOUBLESTAR TC-2         
1 28382U 04029A   13023.12644616  .00000075  00000-0  21864-3 0  1861
2 28382  88.5485 321.7795 7258813  48.6280 354.0230  2.15604963 65744
SWIFT                   
1 28485U 04047A   13023.70350949  .00002021  00000-0  14006-3 0  3564
2 28485  20.5561 142.0977 0013367 220.5437 139.4001 14.95772035446758
SUZAKU (ASTRO-EII)      
1 28773U 05025A   13023.91211542  .00001798  00000-0  11907-3 0  9405
2 28773  31.3824 191.7292 0006274 191.9608 297.3127 15.04787266414347
AKARI (ASTRO-F)         
1 28939U 06005A   13023.66712247  .00004537  00000-0  24745-3 0   968
2 28939  98.2553  68.7480 0171968 258.7311  99.4528 15.03149142369754
FORMOSAT-3 FM6          
1 29047U 06011A   13024.87079745  .00000003  00000-0  17708-4 0   112
2 29047  71.9772 218.5254 0050475  36.1369 324.3130 14.27596461355737
FORMOSAT-3 FM1          
1 29048U 06011B   13024.67298180  .00000393  00000-0  17471-3 0   902
2 29048  71.9692 132.8524 0044942 347.6638  12.3386 14.27599268358185
FORMOSAT-3 FM5          
1 29049U 06011C   13024.11863138  .00000365  00000-0  16364-3 0   294
2 29049  72.0214 290.4016 0033781  40.4137 319.9494 14.27614297353884
FORMOSAT-3 FM3          
1 29050U 06011D   13024.34392623  .00001139  00000-0  26646-3 0  3564
2 29050  72.0174 346.3064 0053945 188.6614 171.3612 14.55657697362776
FORMOSAT-3 FM4          
1 29051U 06011E   13024.01207630  .00000376  00000-0  16522-3 0   844
2 29051  72.0046 197.4020 0070437 273.4481  85.8585 14.27617028356451
FORMOSAT-3 FM2          
1 29052U 06011F   13024.73761280  .00000364  00000-0  16273-3 0  1054
2 29052  72.0359 262.1430 0040360   5.4709 354.6853 14.27670313354866
CLOUDSAT                
1 29107U 06016A   13024.07628758  .00000260  00000-0  67734-4 0  1604
2 29107  98.2203 330.1065 0001254  82.5358 277.6003 14.57113927358692
CALIPSO                 
1 29108U 06016B   13024.89911203  .00000413  00000-0  10172-3 0  1934
2 29108  98.2201 330.4591 0001034  90.4369 269.6955 14.57077611358746
HINODE (SOLAR-B)        
1 29479U 06041A   13024.55582256  .00000288  00000-0  65204-4 0  9988
2 29479  98.1100  26.0699 0016923 221.6047 138.3855 14.63102454338600
SJ-6C                   
1 29505U 06046A   13024.72142293  .00000225  00000-0  27742-4 0  9857
2 29505  97.7359  21.8764 0004146  38.2759 321.8739 14.91841641340414
SJ-6D                   
1 29506U 06046B   13024.86695423  .00000572  00000-0  63351-4 0  9582
2 29506  97.7460  20.6613 0003507  84.2450 275.9180 14.91036522340274
COROT                   
1 29678U 06063A   13024.53144424  .00000135  00000-0  86976-4 0    95
2 29678  90.0143  10.6036 0004415   8.4239 140.3042 13.98316490310188
AGILE                   
1 31135U 07013A   13023.14759558  .00004462  00000-0  18159-3 0  7628
2 31135   2.4758 249.5502 0017133  97.2795 262.9116 15.14894691318414
AIM                     
1 31304U 07015A   13024.87647075  .00003733  00000-0  32689-3 0  9412
2 31304  97.8454 139.9751 0011018 157.5523 202.6175 14.97280248313504
FGRST (GLAST)           
1 33053U 08029A   13023.63597144  .00001127  00000-0  55171-4 0  2516
2 33053  25.5834 102.1845 0013888 116.6582  33.5170 15.06762560254492
KORONAS-FOTON           
1 33504U 09003A   13024.49923865  .00001833  00000-0  11645-3 0  3701
2 33504  82.4773  19.4823 0016273 248.6512 257.9577 15.08179380218995
TATIANA 2               
1 35868U 09049D   13024.73667613  .00000092  00000-0  60978-4 0  1640
2 35868  98.6229  81.0933 0004917 110.4487 249.7217 14.22331050174126
UGATUSAT                
1 35869U 09049E   13024.65977474  .00000025  00000-0  30528-4 0  1274
2 35869  98.6192  80.4226 0005055 122.3381 237.8280 14.22110401174092
SUMBANDILA (SO-67)      
1 35870U 09049F   13024.87249105  .00003320  00000-0  13268-3 0  7293
2 35870  97.2090  58.7663 0003669  97.7167  27.9570 15.25779474186396
WISE                    
1 36119U 09071A   13024.58718522  .00001986  00000-0  10503-3 0  9025
2 36119  97.5198  33.0714 0003173 150.7882 209.3519 15.16634944172039
SDO                     
1 36395U 10005A   13024.29076840 -.00000048  00000-0  10000-3 0  6611
2 36395  27.8301 169.9222 0000842 249.1035  67.6302  1.00270631 11004
CRYOSAT 2               
1 36508U 10013A   13024.58724367  .00000003  00000-0  00000+0 0  8574
2 36508  92.0136 174.1097 0011559  50.8656 309.3583 14.52179738148310
PICARD                  
1 36598U 10028A   13024.76863376  .00000178  00000-0  57507-4 0  8597
2 36598  98.2904 211.8921 0001680 184.3867 175.7311 14.49722607138224
SPEKTR-R                
1 37755U 11037A   13016.81875000 -.00002671  00000-0  10000-3 0   429
2 37755  79.9164 293.3241 6676166 355.3774  22.7740  0.11855285   659
GCOM-W1 (SHIZUKU)       
1 38337U 12025A   13024.13966156  .00000238  00000-0  62878-4 0  3195
2 38337  98.2195 326.4086 0000559  86.4871 273.6391 14.57094972 36639
NUSTAR                  
1 38358U 12031A   13024.61518463  .00001648  00000-0  11838-3 0  1320
2 38358   6.0265  36.0401 0014160 302.9132  56.9675 14.82411845 33433
