ISS (ZARYA)             
1 25544U 98067A   13024.95775463  .00010657  00000-0  18023-3 0   847
2 25544  51.6490  99.8386 0013499 195.1469 161.1642 15.52082802812455
TIANGONG 1              
1 37820U 11053A   13024.83590777  .00032578  00000-0  23359-3 0  5183
2 37820  42.7800 149.2883 0002697 338.8375 160.0349 15.73031502 76079
RAIKO                   
1 38852U 98067CN  13024.24147846  .00031660  00000-0  39553-3 0  1202
2 38852  51.6542 100.2883 0014084 181.6626 178.4064 15.59439687 17308
FITSAT-1 (NIWAKA)       
1 38853U 98067CP  13024.63397149  .00038589  00000-0  45113-3 0  1182
2 38853  51.6559  97.6688 0011226 200.6267 159.4274 15.61122622 17423
TECHEDSAT               
1 38854U 98067CQ  13024.69991596  .00068161  00000-0  67211-3 0  1301
2 38854  51.6429  95.8465 0009246 208.0290 152.0204 15.65250215 17459
F-1                     
1 38855U 98067CR  13024.65073994  .00064350  00000-0  64701-3 0  1353
2 38855  51.6444  96.2750 0010662 205.2056 154.8321 15.64766439 17338
WE-WISH                 
1 38856U 98067CS  13024.63312373  .00165077  00000-0  10570-2 0  1542
2 38856  51.6412  93.1184 0003763 212.7879 147.2814 15.75262483 17370
