LANDSAT 4               
1 13367U 82072A   13023.63832816  .00001503  00000-0  10420-3 0  2605
2 13367  98.2727  44.3533 0015503 229.0327 279.2634 15.07303390642396
TDRS 1                  
1 13969U 83026B   13024.43508486  .00000000  00000-0  10000-3 0  5209
2 13969  13.8863   0.3512 0019948 130.3610 229.8549  0.98737790 82060
LANDSAT 5               
1 14780U 84021A   13024.78839812 -.00012187  00000-0 -23077-2 0  6945
2 14780  98.1190  91.1037 0003294  46.8911 313.2506 14.64265865537268
ERBS                    
1 15354U 84108B   13023.73185360  .00001664  00000-0  85449-4 0  1400
2 15354  57.0190 104.3523 0018461 351.5362   8.5369 15.22014201551926
TDRS 3                  
1 19548U 88091B   13024.56327869 -.00000295  00000-0  10000-3 0    25
2 19548  13.9837  25.7680 0011723 330.4309 281.5834  1.00263598 76350
TDRS 4                  
1 19883U 89021B   13024.40388535  .00000000  00000-0  10000-3 0  3533
2 19883  11.2839  32.2464 0014221 220.0947 139.8621  0.98480170259856
HST                     
1 20580U 90037B   13023.73208723  .00001318  00000-0  82740-4 0  1603
2 20580  28.4691 139.5192 0003334 243.1603 116.8646 15.03235172 47933
TDRS 5                  
1 21639U 91054B   13024.42040166  .00000096  00000-0  10000-3 0  2085
2 21639  12.5168  39.7731 0017568 340.9328  87.0131  1.00279989 78675
TOPEX/POSEIDON          
1 22076U 92052A   13024.07874126 -.00000096  00000-0 -15234-3 0  9704
2 22076  66.0382 215.2406 0007924 274.1727 232.9375 12.80972973956915
TDRS 6                  
1 22314U 93003B   13024.25162204 -.00000287  00000-0  10000-3 0  2387
2 22314  11.9340  42.5918 0012934 319.3213 166.4997  1.00262349 73393
TDRS 7                  
1 23613U 95035B   13024.51241810  .00000000  00000-0  10000-3 0  3829
2 23613  13.4711  33.1932 0033217 347.0487  12.9216  1.00271940 64087
RXTE (XTE)              
1 23757U 95074A   13023.87324672  .00004615  00000-0  11095-3 0  8216
2 23757  22.9898 325.9629 0006200  11.6603 348.4011 15.36629661947753
TRMM                    
1 25063U 97074A   13024.70290908  .00014040  00000-0  19593-3 0  2259
2 25063  34.9607 263.8467 0000929 268.0788  91.9823 15.55967742865442
KIKU-7 (ETS-VII)        
1 25064U 97074B   13024.85409877  .00005638  00000-0  16058-3 0  8132
2 25064  34.9719 314.0376 0005276 342.7993  17.2545 15.35405323842721
ISS (ZARYA)             
1 25544U 98067A   13024.95775463  .00010657  00000-0  18023-3 0   847
2 25544  51.6490  99.8386 0013499 195.1469 161.1642 15.52082802812455
LANDSAT 7               
1 25682U 99020A   13024.72651068  .00000084  00000-0  28754-4 0  8315
2 25682  98.2105  96.3242 0000979 115.3066 244.8222 14.57107233732945
FUSE 1                  
1 25791U 99035A   13023.88886106  .00000297  00000-0  34950-4 0  4396
2 25791  24.9839 174.5835 0010578  68.9642  67.9790 14.42113118716637
TERRA                   
1 25994U 99068A   13024.80996845  .00000110  00000-0  34543-4 0  7825
2 25994  98.2100 101.7664 0001061  92.9768 267.1532 14.57115883697039
TDRS 8                  
1 26388U 00034A   13024.61285270  .00000000  00000-0  10000-3 0  8123
2 26388   4.4335  73.6593 0003992 174.8368 185.1383  1.00261991 46133
EO-1                    
1 26619U 00075A   13024.83542492 -.00000587  00000-0 -10579-3 0  1329
2 26619  98.0507  90.7620 0011152 131.2655 228.9438 14.62846892648837
TIMED                   
1 26998U 01055B   13023.77338971  .00000388  00000-0  49323-4 0  3975
2 26998  74.0725 264.5173 0001561 321.7046  38.4022 14.85326201602879
TDRS 9                  
1 27389U 02011A   13023.32517154 -.00000262  00000-0  10000-3 0   671
2 27389   2.0071 119.4155 0013629 255.1411 184.2871  1.00278473 41386
AQUA                    
1 27424U 02022A   13024.48612778 -.00001361  00000-0 -29192-3 0  5645
2 27424  98.2206 327.8243 0001488  82.4707 277.6506 14.57131446570591
TDRS 10                 
1 27566U 02055A   13024.56687854  .00000084  00000-0  10000-3 0  7867
2 27566   2.0061  64.7358 0011858 200.4610 248.5735  1.00278077 37215
SORCE                   
1 27651U 03004A   13024.65471973  .00000618  00000-0  87632-4 0    97
2 27651  39.9955 238.7737 0024316 159.5998 200.5751 14.84227252541908
GALEX                   
1 27783U 03017A   13024.71972425  .00000338  00000-0  47090-4 0  6978
2 27783  28.9980 157.3840 0003957  79.4877 280.6173 14.60567173520508
GP-B                    
1 28230U 04014A   13024.89649803  .00000435  00000-0  59730-4 0  6437
2 28230  89.9090 146.3475 0003410  93.7217 266.4395 14.76826764472176
AURA                    
1 28376U 04026A   13024.90375718  .00000312  00000-0  79288-4 0  7035
2 28376  98.2204 330.4228 0001015 103.4512 256.6808 14.57075736453707
SWIFT                   
1 28485U 04047A   13023.70350949  .00002021  00000-0  14006-3 0  3564
2 28485  20.5561 142.0977 0013367 220.5437 139.4001 14.95772035446758
THEMIS A                
1 30580U 07004A   13024.00000000 -.00000558  00000-0  00000+0 0  5126
2 30580  11.7265  83.0523 8254654  35.4810   5.7991  1.04699355 21169
THEMIS D                
1 30797U 07004D   13024.00000000 -.00000490  00000-0  00000+0 0  6661
2 30797   8.0672  49.1165 8228664  65.0785 114.4460  1.04879227 21018
THEMIS E                
1 30798U 07004E   13024.00000000 -.00000497  00000-0  00000+0 0  6771
2 30798   8.0688  64.1368 8226844  52.0034  74.5455  1.05251158 21174
AIM                     
1 31304U 07015A   13024.87647075  .00003733  00000-0  32689-3 0  9412
2 31304  97.8454 139.9751 0011018 157.5523 202.6175 14.97280248313504
C/NOFS                  
1 32765U 08017A   13023.40201001  .00007963  00000-0  27537-3 0  2249
2 32765  13.0008  90.7476 0244879  86.8280   4.3750 15.00812627259632
FGRST (GLAST)           
1 33053U 08029A   13023.63597144  .00001127  00000-0  55171-4 0  2516
2 33053  25.5834 102.1845 0013888 116.6582  33.5170 15.06762560254492
WISE                    
1 36119U 09071A   13024.58718522  .00001986  00000-0  10503-3 0  9025
2 36119  97.5198  33.0714 0003173 150.7882 209.3519 15.16634944172039
