COSMOS 2482             
1 39057U 13001A   13024.91259800  .00000010  00000-0  00000+0 0   309
2 39057  82.4936  22.9942 0016509 263.6054  96.3148 12.44045198  1159
COSMOS 2483             
1 39058U 13001B   13024.75262656  .00000010  00000-0  00000+0 0   305
2 39058  82.4973  23.1043 0015025 262.5813  97.3559 12.43924549  1117
COSMOS 2484             
1 39059U 13001C   13024.67566090  .00000010  00000-0  00000+0 0   306
2 39059  82.4974  23.1543 0014729 273.7350  86.2044 12.43441631  1105
BREEZE-KM R/B           
1 39060U 13001D   13024.52113119  .00000010  00000-0  00000+0 0   290
2 39060  82.4902  23.2832 0011480 287.8748  72.1079 12.42534836  1086
