ORBVIEW 2 (SEASTAR)     
1 24883U 97037A   13023.87039343  .00000057  00000-0  36688-4 0  9422
2 24883  98.4366 142.3448 0002395 160.5173 199.6098 14.32577191821992
METEOSAT-7              
1 24932U 97049B   13023.86852503  .00000059  00000-0  10000-3 0  4684
2 24932   8.1461  53.8254 0002147 206.0758 233.5203  1.00270158 56396
NOAA 15                 
1 25338U 98030A   13024.49564663  .00000149  00000-0  82268-4 0  5871
2 25338  98.7111  15.5710 0010361 181.3509 178.7651 14.25172278764378
NOAA 16                 
1 26536U 00055A   13024.49498037 -.00000084  00000-0 -20360-4 0   659
2 26536  99.0649  75.6989 0010561 176.7358 183.3890 14.12830703636281
GOES 12                 
1 26871U 01031A   13022.32850980 -.00000286  00000-0  10000-3 0  9050
2 26871   2.7397  70.7498 0002837 258.1992 210.6083  1.00256882 42193
FENGYUN 1D              
1 27431U 02024B   13024.82715034 -.00000127  00000-0 -47921-4 0  9017
2 27431  98.7967 352.0081 0014625 286.0317  73.9244 14.09383460550400
NOAA 17                 
1 27453U 02032A   13024.49151051  .00000157  00000-0  85347-4 0  9987
2 27453  98.3203  46.1457 0010994 223.7886 136.2423 14.24534655550262
METEOSAT-8 (MSG-1)      
1 27509U 02040B   13022.12161980  .00000059  00000-0  10000-3 0  2132
2 27509   1.8213  62.0470 0000593 159.5169 313.1096  1.00266672 38185
KALPANA-1 (METSAT 1)    
1 27525U 02043A   13024.63924477  .00000000  00000-0  10000-3 0  6184
2 27525   3.3450  68.1999 0006383 208.0911 151.8553  1.00268634 38000
INSAT-3A                
1 27714U 03013A   13023.81250759 -.00000258  00000-0  10000-3 0  5013
2 27714   0.0160  90.3766 0005970 199.5086 219.3942  1.00271852 35903
FENGYUN 2C              
1 28451U 04042A   13024.49006346  .00000000  00000-0  10000-3 0  5992
2 28451   4.4422  63.8703 0003168  23.1777 336.8537  1.00272043 30265
HIMAWARI-6 (MTSAT-1R)   
1 28622U 05006A   13023.52835164 -.00000280  00000-0  10000-3 0  8101
2 28622   0.0132 205.5923 0002268  71.3261 176.3027  1.00270004 28956
NOAA 18                 
1 28654U 05018A   13024.33815407 -.00000045  00000-0  47679-6 0  4792
2 28654  99.0776 350.6334 0013540 252.5838 107.3858 14.11762145395769
METEOSAT-9 (MSG-2)      
1 28912U 05049B   13022.26882936  .00000039  00000-0  10000-3 0  3903
2 28912   0.3769   2.2255 0002325 115.9957 102.9008  1.00411920 26033
MTSAT-2                 
1 28937U 06004A   13024.17514983  .00000000  00000-0  10000-3 0  3243
2 28937   0.0277 272.9287 0003466  48.3466  10.4220  1.00266167 22680
FORMOSAT-3 FM6          
1 29047U 06011A   13024.87079745  .00000003  00000-0  17708-4 0   112
2 29047  71.9772 218.5254 0050475  36.1369 324.3130 14.27596461355737
FORMOSAT-3 FM1          
1 29048U 06011B   13024.67298180  .00000393  00000-0  17471-3 0   902
2 29048  71.9692 132.8524 0044942 347.6638  12.3386 14.27599268358185
FORMOSAT-3 FM5          
1 29049U 06011C   13024.11863138  .00000365  00000-0  16364-3 0   294
2 29049  72.0214 290.4016 0033781  40.4137 319.9494 14.27614297353884
FORMOSAT-3 FM3          
1 29050U 06011D   13024.34392623  .00001139  00000-0  26646-3 0  3564
2 29050  72.0174 346.3064 0053945 188.6614 171.3612 14.55657697362776
FORMOSAT-3 FM4          
1 29051U 06011E   13024.01207630  .00000376  00000-0  16522-3 0   844
2 29051  72.0046 197.4020 0070437 273.4481  85.8585 14.27617028356451
FORMOSAT-3 FM2          
1 29052U 06011F   13024.73761280  .00000364  00000-0  16273-3 0  1054
2 29052  72.0359 262.1430 0040360   5.4709 354.6853 14.27670313354866
GOES 13                 
1 29155U 06018A   13023.36440068 -.00000250  00000-0  10000-3 0  3892
2 29155   0.3396  93.4620 0001147 335.8490 110.0437  1.00273602 24456
METOP-A                 
1 29499U 06044A   13024.56803906  .00000534  00000-0  26383-3 0  9520
2 29499  98.6721  86.3370 0002074 110.3918 249.7495 14.21505843325172
FENGYUN 2D              
1 29640U 06053A   13024.63032352 -.00000199  00000-0  10000-3 0  5955
2 29640   1.2950  72.7497 0002601 314.6260  50.3433  1.00262566 22513
FENGYUN 3A              
1 32958U 08026A   13024.73165738  .00000040  00000-0  39351-4 0  6191
2 32958  98.6249  93.8127 0008875 244.2092 115.8169 14.19324530241716
NOAA 19                 
1 33591U 09005A   13024.25406639  .00000347  00000-0  21542-3 0  6640
2 33591  98.8869 327.5601 0014711 115.0871 245.1850 14.11450454204192
GOES 14                 
1 35491U 09033A   13024.35231984 -.00000102  00000-0  10000-3 0  8056
2 35491   0.0768 256.1052 0001138 114.8448 138.7964  1.00185672 13135
METEOR-M 1              
1 35865U 09049A   13024.67289724 -.00000025  00000-0  81250-5 0  1636
2 35865  98.6243  80.4830 0002966 116.2422 243.9057 14.21878952174071
GOES 15                 
1 36411U 10008A   13024.49244508  .00000085  00000-0  10000-3 0  4127
2 36411   0.1140 253.1421 0003015  45.0452 228.4029  1.00285725 10637
COMS 1                  
1 36744U 10032A   13024.48570297  .00000000  00000-0  10000-3 0  5138
2 36744   0.0338  73.7847 0000689 227.4268 125.7593  1.00265412  8168
FENGYUN 3B              
1 37214U 10059A   13024.89593561  .00000021  00000-0  31237-4 0  4569
2 37214  98.7862 330.7175 0001858 106.4029 253.7358 14.19309969115235
ELEKTRO-L 1 (GOMS 2)    
1 37344U 11001A   13024.84508770 -.00000096  00000-0  10000-3 0  5270
2 37344   0.0697 296.0694 0001330 304.7239 263.7442  1.00271760  7432
SUOMI NPP               
1 37849U 11061A   13023.85614133  .00000134  00000-0  84316-4 0  4012
2 37849  98.7376 324.1500 0001631  98.5959 261.5406 14.19527162 64343
FENGYUN 2F              
1 38049U 12002A   13024.79250784 -.00000355  00000-0  10000-3 0  2789
2 38049   1.5808 277.6342 0005246 241.0208   2.8294  1.00279987  3846
METOP-B                 
1 38771U 12049A   13024.74638761 -.00000011  00000-0  15106-4 0  1200
2 38771  98.7228  86.9578 0001547 218.2640 141.8416 14.21479614 18336
