SAUDISAT 1A             
1 26545U 00057A   12354.85093620  .00001022  00000-0  14411-3 0  3456
2 26545  64.5543 125.7922 0056033 278.6586  80.8174 14.81885779661007
UNISAT                  
1 26547U 00057C   12354.78756353  .00001875  00000-0  23244-3 0  3639
2 26547  64.5548  97.9552 0059806 283.0485  76.3966 14.84566869661572
SAUDISAT 1B             
1 26549U 00057E   12354.53807337  .00000713  00000-0  10889-3 0  4343
2 26549  64.5541 150.6343 0059251 282.4134  77.0341 14.80672960660479
MOZHAYETS               
1 27560U 02054B   12355.01476007  .00000624  00000-0  15079-3 0  1193
2 27560  97.9776 149.1702 0042344 174.5846 185.5815 14.55823234533183
SAUDISAT 1C             
1 27607U 02058C   12354.84687193  .00000952  00000-0  16508-3 0  9458
2 27607  64.5577  90.0164 0068155 210.3144 149.3989 14.72692159537305
UNISAT 2                
1 27608U 02058D   12354.60157336  .00000683  00000-0  11869-3 0  9551
2 27608  64.5582  38.2635 0049088 208.0146 151.8318 14.75503527538363
SAUDISAT 2              
1 28371U 04025F   12355.19268988  .00000223  00000-0  63615-4 0  5010
2 28371  97.9338 350.7987 0026744  30.5270 329.7479 14.53326601449549
UNISAT 3                
1 28373U 04025H   12354.96708544  .00000305  00000-0  98758-4 0  4121
2 28373  98.1264 319.6197 0070849 156.1262 204.3242 14.43995408447067
SSETI EXPRESS (XO-53)   
1 28894U 05043E   12354.22578161  .00000275  00000-0  66122-4 0  5687
2 28894  97.8817 210.2042 0016673 294.6122  65.3341 14.60222323380753
SAUDISAT 3              
1 31118U 07012B   12355.08638213  .00000171  00000-0  37565-4 0  1026
2 31118  97.8475  44.7644 0016506 113.6694 246.6255 14.68344519304263
