LES 9                   
1 08747U 76023B   12353.37152307 -.00000071  00000-0  10000-3 0  8684
2 08747  12.6444 115.2327 0022577  15.1318 344.8060  1.00276336 80261
GOES 3                  
1 10953U 78062A   12355.02350859 -.00000098  00000-0  10000-3 0   509
2 10953  14.5451 348.6093 0004571  83.3283 276.7147  1.00275979 79524
ESIAFI 1 (COMSTAR 4)    
1 12309U 81018A   12354.52684401 -.00000170  00000-0  10000-3 0  6279
2 12309  14.6717 358.5416 0002967   4.5639 355.4304  1.00278057118044
SATCOM C5               
1 13631U 82105A   12352.10565300 -.00000117  00000-0  10000-3 0   875
2 13631  14.3084  18.6527 0002516 289.4502  70.5213  1.00272239 76949
GSTAR 1                 
1 15677U 85035A   12354.14736167 -.00000111  00000-0  00000+0 0  6021
2 15677  13.1447  35.9358 0007041 317.5592  42.3699  1.00272212 75827
GSTAR 3                 
1 19483U 88081A   12352.07578228 -.00000123  00000-0  10000-3 0  8565
2 19483  15.5952   8.1216 0007746  49.8828 310.1862  1.00272791 85187
TDRS 3                  
1 19548U 88091B   12355.41032383 -.00000301  00000-0  10000-3 0  9824
2 19548  13.9386  26.1602 0009802 328.9193 193.3563  1.00275466 76004
LEASAT 5                
1 20410U 90002B   12354.75431699 -.00000079  00000-0  10000-3 0  8166
2 20410  10.3228  26.0420 0000786 186.1474 220.0341  1.00271806 69294
INTELSAT 603 (IS-603)   
1 20523U 90021A   12355.02291438  .00000062  00000-0  10000-3 0  1791
2 20523   9.2432  51.7991 0001116 187.1595 229.7793  1.00272732 76322
COSMOS 2085             
1 20693U 90061A   12354.59737548 -.00000152  00000-0  10000-3 0  3682
2 20693  14.0930  22.5356 0004004  36.4406 323.5801  1.00280508 82098
SKYNET 4C               
1 20776U 90079A   12354.18787829 -.00000038  00000-0  10000-3 0  5578
2 20776  12.2220  33.7116 0002907 241.5061 239.2533  1.00274079 81535
INMARSAT 2-F1           
1 20918U 90093A   12354.61206322 -.00000360  00000-0  10000-3 0  2603
2 20918   9.2261  42.9583 0003742 214.5942 160.4165  1.00270201 77523
COSMOS 2133             
1 21111U 91010A   12352.64405834 -.00000066  00000-0  10000-3 0  5638
2 21111  13.4437  28.3140 0006889  46.8798 313.1714  1.00275668 80015
INMARSAT 2-F2           
1 21149U 91018A   12354.38519016  .00000096  00000-0  00000+0 0  3206
2 21149   8.5576  44.1236 0002684 222.4632 178.5033  1.00275250 79815
TDRS 5                  
1 21639U 91054B   12352.57415178  .00000087  00000-0  10000-3 0  1891
2 21639  12.4527  40.2206 0015150 341.6774 103.7258  1.00276512 78298
GORIZONT 27             
1 22245U 92082A   12352.51821109 -.00000377  00000-0  10000-3 0  8470
2 22245  13.5472  30.7170 0011620 266.4095  93.4500  1.00171560 77768
COSMOS 2224             
1 22269U 92088A   12352.58666432 -.00000274  00000-0  10000-3 0  9393
2 22269  12.7775  33.5174 0004121 115.7705 244.2596  1.00160666 72747
TDRS 6                  
1 22314U 93003B   12355.29211770 -.00000296  00000-0  10000-3 0  2144
2 22314  11.8715  43.0122 0009980 317.5924 131.4780  1.00266000 73049
ASTRA 1C                
1 22653U 93031A   12354.32753745  .00000002  00000-0  10000-3 0  9980
2 22653   5.5519  62.0281 0003967 203.2964 302.9248  1.00273768 66908
ACTS                    
1 22796U 93058B   12353.16640739 -.00000112  00000-0  10000-3 0  1082
2 22796  12.0653  42.3012 0014048 353.3886   6.5671  1.00271949 77484
INTELSAT 701 (IS-701)   
1 22871U 93066A   12352.60397227 -.00000146  00000-0  10000-3 0   495
2 22871   0.8937  77.3841 0003558 176.3594 207.3034  1.00270676 70033
SOLIDARIDAD 1           
1 22911U 93073A   12353.19265136 -.00000083  00000-0  10000-3 0  6324
2 22911  10.6618  47.6785 0005241 106.6694 253.3465  1.00269558 68491
NATO 4B                 
1 22921U 93076A   12354.70043063  .00000133  00000-0  10000-3 0  8225
2 22921  10.3259  39.7618 0003313 221.6987 114.9213  1.00266979 69733
INTELSAT 702 (IS-702)   
1 23124U 94034A   12354.25401211  .00000150  00000-0  10000-3 0  8598
2 23124   1.2513  76.4641 0002274 195.5093 300.7100  1.00272026 81966
APSTAR 1                
1 23185U 94043A   12354.27622059 -.00000096  00000-0  10000-3 0  2181
2 23185   7.2972  56.7421 0001651 247.0448  46.8881  1.00272113 67426
DIRECTV 2 (DBS 2)       
1 23192U 94047A   12352.73507701  .00000035  00000-0  00000+0 0   420
2 23192   5.4043  62.7529 0009422 214.9261 144.8385  0.98632841 77051
OPTUS B3                
1 23227U 94055A   12354.73144150 -.00000082  00000-0  10000-3 0  1020
2 23227   4.4323  64.7342 0002292 204.5746 246.6939  1.00270493 67056
NSS-703                 
1 23305U 94064A   12354.38514400 -.00000284  00000-0  00000+0 0  7482
2 23305   2.8987  69.5875 0002738 192.3491 278.0141  1.00269391 66778
SOLIDARIDAD 2           
1 23313U 94065A   12354.36121258 -.00000033  00000-0  10000-3 0  2432
2 23313   4.2250  65.4584 0003682 201.3505 196.6601  1.00271273 66648
ASTRA 1D                
1 23331U 94070A   12354.99876021  .00000128  00000-0  10000-3 0  5024
2 23331   4.6303  63.7986 0003008 202.3957 205.4341  1.00273090 66898
RADUGA 32               
1 23448U 94087A   12353.66625369 -.00000062  00000-0  10000-3 0  5760
2 23448  12.7342  37.5376 0006027 122.5776 237.4621  1.00273474 83529
BRASILSAT B2            
1 23536U 95016A   12353.26978419 -.00000280  00000-0  10000-3 0  7487
2 23536   4.2631  65.6943 0001653 203.0165 207.6607  1.00269113 64980
AMSC 1                  
1 23553U 95019A   12352.52911747 -.00000114  00000-0  10000-3 0  5842
2 23553   7.4157  56.7729 0005704 198.9766 277.9711  1.00270419 64785
INTELSAT 706 (IS-706)   
1 23571U 95023A   12353.90665998 -.00000280  00000-0  10000-3 0  6669
2 23571   1.1819  76.0746 0004820 167.3120 309.0027  1.00391891 64412
TDRS 7                  
1 23613U 95035B   12354.82210029 -.00000202  00000-0  10000-3 0  3584
2 23613  13.4179  33.6161 0030415 344.8101  91.2173  1.00271854 63848
TELSTAR 4 (TELSTAR 402R)
1 23670U 95049A   12354.22111431 -.00000052  00000-0  10000-3 0  3878
2 23670   8.2205  54.3500 0001196 202.7959 157.1178  1.00297898 63132
LUCH 1                  
1 23680U 95054A   12352.67999807 -.00000111  00000-0  10000-3 0  2070
2 23680  11.7222  46.9084 0007919  12.1910 347.7946  1.00278241 62976
ASTRA 1E                
1 23686U 95055A   12354.83863491 -.00000280  00000-0  00000+0 0  6263
2 23686   2.2283  73.2016 0002745 184.0723 220.3558  1.00675307 62952
ECHOSTAR 1              
1 23754U 95073A   12354.22355454 -.00000246  00000-0  10000-3 0  7984
2 23754   0.0034 309.1218 0001772 341.7697 160.6528  1.00269268 62031
AFRICASAT-1 (MEASAT-1)  
1 23765U 96002B   12355.01313133  .00000125  00000-0  10000-3 0  5102
2 23765   4.5868  64.2954 0001306 168.8537 266.5384  1.00271472 62011
ABS-1A                  
1 23768U 96003A   12355.06442543 -.00000094  00000-0  10000-3 0  7354
2 23768   5.3261  62.3047 0000500  23.6976 101.1130  1.00272874 62001
INTELSAT 707 (IS-707)   
1 23816U 96015A   12355.17645986 -.00000288  00000-0  00000+0 0  5302
2 23816   0.1407  72.8295 0003647 194.8801 191.9648  1.00269914 61432
INMARSAT 3-F1           
1 23839U 96020A   12353.10194488  .00000004  00000-0  10000-3 0  6143
2 23839   0.6878  73.2652 0006340 184.7106 290.3619  1.00273593 61200
ASTRA 1F                
1 23842U 96021A   12355.13088988  .00000083  00000-0  00000+0 0  7648
2 23842   0.0418   3.2419 0002862 253.7642 294.1152  1.00272157 61130
MSAT M1                 
1 23846U 96022A   12353.38973735 -.00000090  00000-0  10000-3 0  3720
2 23846   4.8279  63.5558 0005090 206.7924 210.8281  1.00271152 61032
PALAPA C2               
1 23864U 96030A   12354.48976633 -.00000202  00000-0  10000-3 0  6190
2 23864   2.3865  71.3383 0001815 200.8092 143.1378  1.00271255 60769
INTELSAT 709 (IS-709)   
1 23915U 96035A   12353.93005035  .00000121  00000-0  10000-3 0  6863
2 23915   0.5862  79.2294 0002465 179.3717 211.6327  1.00272046 60503
APSTAR 1A               
1 23943U 96039A   12354.17714590  .00000091  00000-0  10000-3 0    93
2 23943   6.6268  58.5163 0000675 240.6740 264.6588  1.00276454 60318
INMARSAT 3-F2           
1 24307U 96053A   12355.04445564 -.00000126  00000-0  10000-3 0  5076
2 24307   0.0600 320.6293 0005962 302.0376 186.8638  1.00271053 59645
ECHOSTAR 2              
1 24313U 96055A   12353.12058236 -.00000286  00000-0  10000-3 0  5255
2 24313   3.8650  66.3305 0002428 357.6796   2.0571  1.00239796 59656
AMC-1 (GE-1)            
1 24315U 96054A   12353.44584093 -.00000108  00000-0  10000-3 0  9770
2 24315   0.0136 338.2054 0003007 283.6108 243.1292  1.00270797 59617
ARABSAT-2B              
1 24652U 96063A   12354.25401211  .00000151  00000-0  10000-3 0  6790
2 24652   0.3507  80.9623 0004443 208.3661 284.3619  1.00274771 59450
AFRICASAT-2 (MEASAT-2)  
1 24653U 96063B   12354.63419686 -.00000226  00000-0  10000-3 0  7816
2 24653   4.5421  64.3379 0000104 188.4503 212.1179  1.00269446 59025
EUTELSAT 48A            
1 24665U 96067A   12354.80575228  .00000117  00000-0  10000-3 0  6230
2 24665   3.2765  68.4053 0004607 191.0246 167.6321  1.00271320 59268
INMARSAT 3-F3           
1 24674U 96070A   12354.66324314  .00000036  00000-0  10000-3 0  5459
2 24674   0.0826  71.2116 0005397 207.6069 226.6794  1.00269768 58595
AMC-2 (GE-2)            
1 24713U 97002A   12354.97835558  .00000115  00000-0  10000-3 0  5223
2 24713   1.0690  76.0416 0004301 194.4435 189.6824  1.00272907  9013
INTELSAT 26 (IS-26)     
1 24732U 97007A   12354.80580565  .00000105  00000-0  10000-3 0  3098
2 24732   4.5006  64.4973 0003189 204.6836 159.9725  1.00273303 57928
INTELSAT 801 (IS-801)   
1 24742U 97009A   12354.39460565 -.00000221  00000-0  10000-3 0  2305
2 24742   3.7292  67.0859 0003917 212.4001 281.4646  1.00271327 57926
DFH 3-2                 
1 24798U 97021A   12353.64424742 -.00000268  00000-0  10000-3 0  1315
2 24798   7.9564  55.2042 0008474   2.3682 357.5450  1.00179457 57178
THOR II                 
1 24808U 97025A   12354.99875863  .00000129  00000-0  10000-3 0  2477
2 24808   4.0524  65.8529 0000334 142.7601 263.2015  1.00270697 57109
GALAXY 25 (G-25)        
1 24812U 97026A   12353.39008800 -.00000169  00000-0  00000+0 0  5388
2 24812   0.0131  17.2827 0002657 244.9625 232.4945  1.00270584 57045
INMARSAT 3-F4           
1 24819U 97027A   12355.17692876 -.00000290  00000-0  10000-3 0  3902
2 24819   2.6358  69.1810 0005317 185.3470 204.2948  1.00267737 57025
SUPERBIRD-A3            
1 24880U 97036A   12354.94262860 -.00000259  00000-0  10000-3 0  4029
2 24880   3.6156  67.2450 0003062  66.9363  27.0568  1.00269325 56336
ABS-5                   
1 24901U 97042A   12355.14261538 -.00000031  00000-0  10000-3 0  7609
2 24901   1.6485  75.4513 0005237 190.9327 230.9962  1.00271265 56168
INTELSAT 5 (IS-5)       
1 24916U 97046A   12353.77495788 -.00000251  00000-0  10000-3 0  4344
2 24916   0.1966  79.0554 0003566 177.1749 258.1123  1.00143118 56217
METEOSAT-7              
1 24932U 97049B   12355.01780549  .00000056  00000-0  10000-3 0  4180
2 24932   8.0779  54.2207 0002166 190.9325 267.6686  1.00268467 56047
AMC-3 (GE-3)            
1 24936U 97050A   12353.35821240 -.00000279  00000-0  00000+0 0  4908
2 24936   0.0156 320.4902 0002085 299.1922 249.6253  1.00269612 56028
NSS-5                   
1 24957U 97053A   12354.80581326  .00000108  00000-0  00000+0 0  4756
2 24957   0.5107  78.7974 0002967 178.6029 171.9788  1.00273802 55836
ECHOSTAR 3              
1 25004U 97059A   12355.33111009 -.00000284  00000-0  10000-3 0  3774
2 25004   0.0181 338.5380 0001170 277.3821 250.7646  1.00269483 55746
INDOSTAR 1              
1 25050U 97071B   12354.62972652 -.00000330  00000-0  00000+0 0  8546
2 25050   6.4865  58.8649 0000302 206.7779 154.3207  1.00210628 55356
JCSAT-1B                
1 25067U 97075A   12353.72196919 -.00000208  00000-0  10000-3 0  7146
2 25067   2.4015  71.1135 0004742 197.3589 229.1531  1.00270643 55142
ASTRA 1G                
1 25071U 97076A   12352.04942606  .00000147  00000-0  00000+0 0  2396
2 25071   0.0442 331.1171 0002444 287.1440 237.0916  1.00271355 55130
HGS-1 (ASIASAT 3)       
1 25126U 97086A   12353.13346952 -.00000292  00000-0  10000-3 0  7113
2 25126   4.5840  79.4581 0043803 269.2696  89.9831  1.00205239 55720
BRASILSAT B3            
1 25152U 98006A   12355.08469051 -.00000252  00000-0  10000-3 0  7595
2 25152   0.7596  80.8935 0005310 170.5252 153.1230  1.00269237 54563
INMARSAT 3-F5           
1 25153U 98006B   12352.93676194  .00000133  00000-0  10000-3 0  4038
2 25153   0.3077 346.4024 0004950 277.3436 185.1313  1.00272730 54506
EUTELSAT 16B            
1 25237U 98013A   12354.92085378  .00000099  00000-0  10000-3 0  5311
2 25237   1.0449  77.3270 0004868 188.1302 170.7291  1.00271007 54558
NSS-806                 
1 25239U 98014A   12355.16937443 -.00000264  00000-0  00000+0 0    89
2 25239   0.0184 345.7057 0002321 292.7203 191.1894  1.00270891 54325
NILESAT 101             
1 25311U 98024A   12355.03277583 -.00000061  00000-0  10000-3 0  3510
2 25311   0.0588  60.6968 0003668 212.0654 181.0724  1.00272508 53920
COSMOS 2350             
1 25315U 98025A   12354.67528625 -.00000104  00000-0  10000-3 0  7860
2 25315  10.1209  47.2234 0007459  25.5701 334.4160  1.00258273 53645
CHINASAT 5A (ZX 5A)     
1 25354U 98033A   12354.83863491 -.00000210  00000-0  10000-3 0  6107
2 25354   0.0151 275.1425 0002424   1.4216 201.6625  1.00269519 57883
THOR III                
1 25358U 98035A   12355.03222833 -.00000042  00000-0  10000-3 0  1114
2 25358   2.3293  71.4103 0001998 183.8388 201.0472  1.00270629 53311
INTELSAT 805 (IS-805)   
1 25371U 98037A   12354.22988124 -.00000290  00000-0  10000-3 0   320
2 25371   0.0061  14.2542 0002721 242.0501 219.1840  1.00269907 53154
CHINASAT 5B (ZX 5B)     
1 25404U 98044A   12354.85642344 -.00000239  00000-0  10000-3 0   991
2 25404   1.1055  75.4635 0005433 176.9115 290.7889  1.00267744 53017
ST-1                    
1 25460U 98049A   12354.94156047 -.00000216  00000-0  10000-3 0  3738
2 25460   1.1658  76.0850 0003679 186.6824 253.2531  1.00270107 52473
ASTRA 2A                
1 25462U 98050A   12355.06369229  .00000147  00000-0  00000+0 0  5104
2 25462   0.0500 135.7084 0001124  38.4898 325.9848  1.00273725 52465
INTELSAT 7 (IS-7)       
1 25473U 98052A   12354.71018773 -.00000030  00000-0  10000-3 0  5190
2 25473   0.0323  53.6164 0002949 200.4226 158.9816  1.00272549 52247
SIRIUS 3                
1 25492U 98056B   12353.17383521  .00000098  00000-0  10000-3 0  1964
2 25492   3.4207  67.9410 0000724 209.9916 283.0407  1.00274165 52115
EUTELSAT 25A            
1 25495U 98057A   12354.91864228  .00000140  00000-0  10000-3 0  4229
2 25495   0.0490  36.8093 0004880 237.4995 170.8626  1.00274270 52042
AFRISTAR                
1 25515U 98063A   12353.24031522  .00000121  00000-0  10000-3 0  1492
2 25515   0.4649  76.4297 0004105 188.7611 289.5749  1.00273715 51804
AMC-5 (GE-5)            
1 25516U 98063B   12353.39039292 -.00000233  00000-0  10000-3 0  1340
2 25516   2.1747  72.4623 0004742 188.5339 246.0143  1.00271993 51840
INTELSAT 8 (IS-8)       
1 25522U 98065A   12354.58674362 -.00000035  00000-0  10000-3 0  2985
2 25522   0.0369 261.2676 0002952 359.4939 208.0346  1.00271610 51812
BONUM-1                 
1 25546U 98068A   12354.92930410  .00000074  00000-0  10000-3 0  2792
2 25546   1.0571  77.9797 0002215 151.7421 249.7318  1.00274288 51647
SATMEX 5                
1 25558U 98070A   12353.38946292 -.00000020  00000-0  10000-3 0   804
2 25558   0.0303  68.9343 0001937 186.3734 215.4834  1.00271551 51621
GALAXY 26 (G-26)        
1 25626U 99005A   12354.80579802  .00000111  00000-0  10000-3 0  1065
2 25626   0.0158 288.0666 0002677 330.6068 170.2038  1.00272723 50731
JCSAT-4A                
1 25630U 99006A   12354.79321355 -.00000360  00000-0  10000-3 0  1312
2 25630   0.0506 259.1189 0002339 216.2292  22.9795  1.00270563 50592
SKYNET 4E               
1 25639U 99009B   12354.87714017  .00000138  00000-0  10000-3 0  2676
2 25639   7.9876  42.5924 0002577 223.6019 170.8113  1.00269845 50634
ASIASAT 3S              
1 25657U 99013A   12353.77429586 -.00000339  00000-0  10000-3 0  3779
2 25657   0.0032 281.3056 0001589 354.9179 195.7668  1.00268325 50406
EUTELSAT 21A            
1 25673U 99018A   12354.96356709  .00000127  00000-0  10000-3 0  4966
2 25673   0.1059  79.8591 0004238 182.8144 194.7540  1.00274536 50186
NIMIQ 1                 
1 25740U 99027A   12354.21384257 -.00000178  00000-0  00000+0 0  2182
2 25740   0.1019  69.3973 0004712 244.6593 120.0025  1.00270141 49790
ASTRA 1H                
1 25785U 99033A   12354.77753144  .00000117  00000-0  00000+0 0  1691
2 25785   0.4955  79.4368 0002243  76.8226 231.7835  1.00270793 49529
TELKOM 1                
1 25880U 99042A   12354.61645701 -.00000348  00000-0  10000-3 0  4414
2 25880   0.0096  13.8054 0001992 263.6889 140.9897  1.00268071 48986
ABS-7                   
1 25894U 99046A   12354.59113615 -.00000366  00000-0  10000-3 0  2478
2 25894   0.0252 239.9165 0001525 299.9269 237.4500  1.00271669 47759
GALAXY 27 (G-27)        
1 25922U 99052A   12353.80949484  .00000130  00000-0  10000-3 0  1524
2 25922   0.0096 338.4714 0002146 303.1470 142.7083  1.00273236 48470
ABS-1                   
1 25924U 99053A   12354.11635642 -.00000092  00000-0  10000-3 0  2619
2 25924   0.0060 357.9997 0002048 241.0166 325.9750  1.00272044 48499
DIRECTV 1R              
1 25937U 99056A   12354.18165916  .00000075  00000-0  00000+0 0  4072
2 25937   0.4947  75.9622 0001647 125.6520   7.7388  1.00270930 48357
TELSTAR 12 (ORION 2)    
1 25949U 99059A   12354.25608324 -.00000124  00000-0  00000+0 0  2547
2 25949   0.0428 266.0120 0002715 355.3833 264.0529  1.00271489 48223
AMC-4 (GE-4)            
1 25954U 99060A   12354.21789867 -.00000277  00000-0  00000+0 0  4320
2 25954   0.0352  48.8618 0000142  80.8595 329.9216  1.00270118 48075
GALAXY 11 (G-11)        
1 26038U 99071A   12354.22988124 -.00000290  00000-0  10000-3 0  5022
2 26038   0.0428 188.3826 0001495 326.4933 320.5473  1.00272554 47696
ZHONGXING-22            
1 26058U 00003A   12355.30461843 -.00000067  00000-0  10000-3 0  1450
2 26058   4.1660  63.2946 0002571 224.8524 134.8887  0.97321431 47316
HISPASAT 1C             
1 26071U 00007A   12353.90000000 -.00000222  00000-0  00000+0 0  8834
2 26071   0.0360  54.4380 0002800 248.6410  78.8240  1.00272047 47234
GARUDA 1                
1 26089U 00011A   12352.67109718 -.00000364  00000-0  10000-3 0   909
2 26089   1.0150 225.7175 0002775  72.5489 153.0784  1.00268007 47091
SUPERBIRD-B2            
1 26095U 00012A   12352.60100378 -.00000100  00000-0  10000-3 0  3858
2 26095   0.0112 263.1544 0002015 347.1356 214.6912  1.00271082 47052
EXPRESS-A2              
1 26098U 00013A   12354.89715822 -.00000326  00000-0  10000-3 0  8542
2 26098   6.1748  59.9288 0018894  92.2402   2.2381  1.00265163 46788
ASIASTAR                
1 26107U 00016A   12353.77429360 -.00000338  00000-0  10000-3 0  3145
2 26107   0.0229   1.7072 0004175 251.7178 218.1159  1.00272305 46733
EUTELSAT 16C            
1 26243U 00019A   12354.87598931  .00000091  00000-0  10000-3 0  1460
2 26243   0.9799  76.1387 0004096 161.5533 181.0123  1.00269517 46421
EUTELSAT 36A            
1 26369U 00028A   12354.00905851  .00000150  00000-0  10000-3 0  2059
2 26369   0.0638 351.9275 0004063 267.4232 228.0488  1.00275290 46060
TDRS 8                  
1 26388U 00034A   12354.93904838 -.00000227  00000-0  10000-3 0  7885
2 26388   4.3560  74.1542 0004170 165.3887 276.6297  1.00274040 45781
COSMOS 2371             
1 26394U 00036A   12350.68583567 -.00000146  00000-0  10000-3 0  1787
2 26394   9.4498  50.8705 0002897  15.2007 344.7374  1.00278421 45596
ECHOSTAR 6              
1 26402U 00038A   12353.39049201 -.00000249  00000-0  10000-3 0  3799
2 26402   0.8853  77.5556 0002175 195.1936 238.2658  1.00270485 45532
INTELSAT 9 (IS-9)       
1 26451U 00043A   12354.32640571 -.00000282  00000-0  10000-3 0  9265
2 26451   0.1825  80.7920 0001919 183.2923 252.8741  1.00357581 45435
BRASILSAT B4            
1 26469U 00046A   12353.39031669 -.00000217  00000-0  10000-3 0  1995
2 26469   0.0710 160.6547 0002201  92.3762 250.8821  1.00271876 45210
NILESAT 102             
1 26470U 00046B   12355.03277583 -.00000061  00000-0  10000-3 0  8339
2 26470   0.0247 309.1399 0005812 317.9255 186.7558  1.00271560 45232
RADUGA-1 5              
1 26477U 00049A   12354.82174451 -.00000174  00000-0  10000-3 0  5180
2 26477   9.3328  51.3685 0002608   6.1190  51.3435  1.00206420 45087
ASTRA 2B                
1 26494U 00054A   12349.00000000  .00000147  00000-0  00000+0 0  1750
2 26494   0.0720 326.9510 0002935 317.2740 187.0520  1.00270283 44874
AMC-7 (GE-7)            
1 26495U 00054B   12354.42683892  .00000092  00000-0  10000-3 0   550
2 26495   0.0163 342.3069 0002786 287.3627 195.3970  1.00271670 44942
NSS-11 (AAP-1)          
1 26554U 00059A   12354.60517586 -.00000349  00000-0  10000-3 0  2825
2 26554   0.0485  49.8506 0002824 221.5659 143.1872  1.00269387 44795
N-SAT-110 (JCSAT-110)   
1 26559U 00060A   12353.69548608 -.00000357  00000-0  10000-3 0  2301
2 26559   0.0107  29.2524 0000405  74.2144 344.6840  1.00269885 44716
AMC-6 (GE-6)            
1 26580U 00067A   12354.38680300 -.00000264  00000-0  10000-3 0  1581
2 26580   0.0171 350.0081 0002581 284.8988 240.7103  1.00269791 44574
INTELSAT 12 (IS-12)     
1 26590U 00068A   12353.80948722  .00000131  00000-0  10000-3 0  9405
2 26590   0.0118  20.5481 0002804 250.4778 153.1974  1.00273324 44494
INTELSAT 1R (IS-1R)     
1 26608U 00072A   12353.39126066 -.00000289  00000-0  10000-3 0  5718
2 26608   0.0299 172.6780 0000178 231.9638 133.6015  1.00270639 44334
ANIK F1                 
1 26624U 00076A   12354.46535870 -.00000078  00000-0  10000-3 0  9042
2 26624   0.0164  81.5596 0001653 208.0869 219.0437  1.00270591 44329
ASTRA 2D                
1 26638U 00081A   12349.00000000  .00000145  00000-0  00000+0 0  1501
2 26638   0.6500  78.9350 0000639  19.9050  12.1830  1.00267716 43981
AMC-8 (GE-8)            
1 26639U 00081B   12353.52223933  .00000098  00000-0  00000+0 0   568
2 26639   0.0187 336.7296 0001906 263.8352 255.9600  1.00271793 43997
TURKSAT 2A              
1 26666U 01002A   12354.74132949  .00000142  00000-0  10000-3 0  1479
2 26666   0.0386 282.4460 0005157 349.6545 125.5061  1.00274107 43756
SICRAL 1                
1 26694U 01005A   12354.91062057  .00000097  00000-0  10000-3 0  1439
2 26694   4.3441  64.7148 0003647 204.7585 163.3913  1.00271442 43505
SKYNET 4F               
1 26695U 01005B   12354.31858947 -.00000248  00000-0  10000-3 0  8059
2 26695   6.4326  49.8559 0003154 204.9102 274.2460  1.00273221 43473
EUTELSAT 28A            
1 26719U 01011A   12354.25384624  .00000145  00000-0  00000+0 0  3136
2 26719   0.0653 355.4030 0004406 250.7793 321.9565  1.00274317 43179
XM-2 (ROCK)             
1 26724U 01012A   12355.38178405 -.00000025  00000-0  10000-3 0  3959
2 26724   0.0796 274.8125 0002946  49.3750 147.3724  1.00272091 43156
XM-1 (ROLL)             
1 26761U 01018A   12354.46673095 -.00000027  00000-0  10000-3 0  2321
2 26761   0.0841 230.8684 0004004 346.2949 284.0569  1.00271518 42615
INTELSAT 10 (IS-10)     
1 26766U 01019A   12354.18348134  .00000121  00000-0  10000-3 0  1478
2 26766   0.0537  48.3081 0001736 213.8193 301.5378  1.00178807 42513
INTELSAT 901 (IS-901)   
1 26824U 01024A   12353.06947861 -.00000148  00000-0  10000-3 0  9778
2 26824   0.0156   4.9233 0002638 262.3352 186.8194  1.00270480 42251
ASTRA 2C                
1 26853U 01025A   12349.00000000  .00000116  00000-0  00000+0 0  9707
2 26853   0.0830 351.1080 0002413 348.2930 122.8720  1.00264543 42153
ARTEMIS                 
1 26863U 01029A   12354.98771238  .00000112  00000-0  10000-3 0  4103
2 26863  10.2895  52.0534 0003024 236.1996 177.6530  1.00273417 43007
GOES 12                 
1 26871U 01031A   12355.24423296 -.00000288  00000-0  10000-3 0  8584
2 26871   2.6679  71.0599 0002078 217.3238 189.2243  1.00269572 41860
INTELSAT 902 (IS-902)   
1 26900U 01039A   12354.11256605  .00000028  00000-0  10000-3 0    75
2 26900   0.0160   7.4332 0002651 266.6100 276.5817  1.00271974 41439
EUTELSAT 8 WEST A       
1 26927U 01042A   12355.13590771 -.00000069  00000-0  10000-3 0  7754
2 26927   0.0522 358.0238 0005115 266.1049 225.8174  1.00271373 41183
DIRECTV 4S              
1 26985U 01052A   12352.46757096 -.00000121  00000-0  10000-3 0  9769
2 26985   0.0071   8.9937 0001208 276.5444 228.0953  1.00268450 40569
INSAT-3C                
1 27298U 02002A   12355.00444594 -.00000080  00000-0  10000-3 0  8709
2 27298   0.0262 272.5294 0001220 309.2552 302.8440  1.00271472 39964
ECHOSTAR 7              
1 27378U 02006A   12355.38168495 -.00000003  00000-0  10000-3 0  1490
2 27378   0.0245  29.2422 0001453 263.2743 175.4220  1.00272291 39660
INTELSAT 904 (IS-904)   
1 27380U 02007A   12353.80990648  .00000043  00000-0  10000-3 0   483
2 27380   0.0196 327.7817 0002876 296.5686 175.0193  1.00271796 39683
TDRS 9                  
1 27389U 02011A   12355.17083157 -.00000262  00000-0  10000-3 0   492
2 27389   1.9470 121.4269 0012621 251.8351  96.5005  1.00272833 41033
JCSAT-2A                
1 27399U 02015A   12352.76227193 -.00000173  00000-0  10000-3 0  8780
2 27399   0.0248 336.6574 0001095 266.3066 272.2319  1.00270426 39330
ASTRA 3A                
1 27400U 02015B   12355.09549222  .00000134  00000-0  00000+0 0  6882
2 27400   0.5473  77.4511 0004844 189.5518 240.1152  1.00271153 39362
INTELSAT 903 (IS-903)   
1 27403U 02016A   12354.21004080 -.00000243  00000-0  10000-3 0  7638
2 27403   0.0080 356.6153 0002899 269.0269 223.6743  1.00270216 39342
NSS-7                   
1 27414U 02019A   12354.19555903 -.00000160  00000-0  00000+0 0   473
2 27414   0.0156 321.5842 0001902 304.4082 232.5890  1.00270176 39173
DIRECTV 5 (TEMPO 1)     
1 27426U 02023A   12353.64250859 -.00000062  00000-0  10000-3 0   658
2 27426   0.0045  49.0977 0003149 217.9021 301.8329  1.00272006 38901
INTELSAT 905 (IS-905)   
1 27438U 02027A   12353.13389411 -.00000191  00000-0  00000+0 0  5963
2 27438   0.0062 297.3802 0002263 321.0142 212.4432  1.00270453 38653
EXPRESS-A4              
1 27441U 02029A   12354.19028074 -.00000119  00000-0  10000-3 0  1546
2 27441   2.9557  69.5774 0000136 352.5223  80.5847  1.00270547 38568
GALAXY 3C (G-3C)        
1 27445U 02030A   12355.38231766 -.00000153  00000-0  10000-3 0  7070
2 27445   0.0210 171.1169 0000537 348.3262 332.4669  1.00270055 38550
EUTELSAT 5 WEST A       
1 27460U 02035A   12353.17870097 -.00000049  00000-0  10000-3 0  8337
2 27460   0.0406 352.6003 0004505 258.5120 255.4479  1.00273156 38324
N-STAR C                
1 27461U 02035B   12353.53000066 -.00000313  00000-0  10000-3 0  5655
2 27461   1.3566  76.9319 0002381 165.3352 172.0739  1.00272886 38326
EUTELSAT HOT BIRD 13A   
1 27499U 02038A   12354.95613896  .00000084  00000-0  00000+0 0  2169
2 27499   0.0522 279.1995 0006154 340.4965 186.4284  1.00271974 37858
ECHOSTAR 8              
1 27501U 02039A   12354.22355454 -.00000246  00000-0  10000-3 0  1331
2 27501   0.0404  66.9685 0002286 210.7300 173.9455  1.00269786 37863
EUTELSAT 12 WEST A      
1 27508U 02040A   12355.10831395 -.00000103  00000-0  10000-3 0  9386
2 27508   0.0666 353.4768 0002694 299.6326 182.4604  1.00271528 37850
METEOSAT-8 (MSG-1)      
1 27509U 02040B   12355.13554043  .00000058  00000-0  10000-3 0  1652
2 27509   1.7505  61.5254 0001326 147.6844 297.9135  1.00273382 37857
INTELSAT 906 (IS-906)   
1 27513U 02041A   12353.87792542  .00000009  00000-0  10000-3 0  7871
2 27513   0.0145 326.7314 0002742 305.2630 196.0801  1.00272543 37717
KODAMA (DRTS)           
1 27516U 02042B   12354.77020456 -.00000240  00000-0  10000-3 0   537
2 27516   1.8292  73.7402 0002353 171.4239 211.6103  1.00270634 37690
KALPANA-1 (METSAT 1)    
1 27525U 02043A   12354.82978547 -.00000083  00000-0  10000-3 0  5942
2 27525   3.2690  68.5347 0006351 198.5330 194.4421  1.00271429 37652
HISPASAT 1D             
1 27528U 02044A   12353.90000000 -.00000222  00000-0  00000+0 0  6822
2 27528   0.0420 297.7870 0005968 345.6590  98.4580  1.00270850 37571
EUTELSAT 70A            
1 27554U 02051A   12352.90232163 -.00000050  00000-0  10000-3 0  7527
2 27554   0.0394 350.9139 0004339 268.2546 223.0422  1.00271347 36956
TDRS 10                 
1 27566U 02055A   12352.53609694  .00000076  00000-0  10000-3 0  7617
2 27566   1.9261  64.7408 0012211 188.3032 212.3122  1.00263333 36832
NSS-6                   
1 27603U 02057A   12354.82192054 -.00000272  00000-0  00000+0 0  6053
2 27603   0.0123 320.0067 0002492 303.6564 216.0201  1.00269490 36718
NIMIQ 2                 
1 27632U 02062A   12354.38633801 -.00000178  00000-0  00000+0 0  5809
2 27632   0.0463 226.2948 0004134  14.1005 255.9730  1.00271363 36565
INTELSAT 907 (IS-907)   
1 27683U 03007A   12353.13439633 -.00000210  00000-0  10000-3 0  3589
2 27683   0.0097 340.9113 0003116 288.7849 198.3137  1.00269894 36068
INSAT-3A                
1 27714U 03013A   12354.99410748 -.00000261  00000-0  10000-3 0  4501
2 27714   0.0667 257.9569 0006119  12.0483 270.3431  1.00270460 35558
GALAXY 12 (G-12)        
1 27715U 03013B   12353.63980427  .00000053  00000-0  10000-3 0  6317
2 27715   0.0118 282.9207 0002004 330.5763 295.4764  1.00271980 35583
ASIASAT 4               
1 27718U 03014A   12353.97944479 -.00000365  00000-0  10000-3 0  2048
2 27718   0.0096  42.5045 0000953 276.5892 243.5866  1.00271794 35528
HELLAS-SAT 2            
1 27811U 03020A   12354.68198477  .00000148  00000-0  10000-3 0  5262
2 27811   0.0180  32.3391 0003496 235.4585 105.3875  1.00273896 35086
BEIDOU 1C               
1 27813U 03021A   12355.06033654 -.00000065  00000-0  10000-3 0  7646
2 27813   1.9546  76.7109 0005417 208.8189 261.8962  1.00084269 35104
AMC-9 (GE-12)           
1 27820U 03024A   12354.45022447 -.00000220  00000-0  00000+0 0  6688
2 27820   0.0147   6.7695 0002448 251.5882 269.1499  1.00269773 34951
THURAYA-2               
1 27825U 03026A   12352.87423566  .00000125  00000-0  10000-3 0  3625
2 27825   3.3773  16.6270 0004569 239.4148 189.6009  1.00272810 34939
BSAT-2C                 
1 27830U 03028A   12353.65355311 -.00000356  00000-0  10000-3 0  6644
2 27830   0.0552 235.2093 0004622 359.6146 197.9539  1.00269498 34915
OPTUS C1                
1 27831U 03028B   12353.66011880 -.00000153  00000-0  10000-3 0  7507
2 27831   0.0710 125.3972 0004287 110.7993 245.1185  1.00270591 34908
ECHOSTAR 12 (RAINBOW 1) 
1 27852U 03033A   12350.15290534 -.00000288  00000-0  10000-3 0  6702
2 27852   0.0114   0.9471 0000248 290.5702 146.3616  1.00268864 34539
GALAXY 23 (G-23)        
1 27854U 03034A   12353.53791836  .00000007  00000-0  10000-3 0  6204
2 27854   0.0132 354.8160 0003089 273.4952 251.8933  1.00272036 34349
EUTELSAT 33A            
1 27948U 03043A   12354.89977920  .00000152  00000-0  10000-3 0  7884
2 27948   0.0491  15.5223 0001336 119.9760 310.4237  1.00274814 33924
INSAT-3E                
1 27951U 03043E   12353.88045359  .00000079  00000-0  10000-3 0  5435
2 27951   0.0835  72.6118 0004933 175.6429 211.6553  1.00273609 33816
GALAXY 13 (HORIZONS-1)  
1 27954U 03044A   12354.59650742  .00000044  00000-0  00000+0 0  4869
2 27954   0.0224   6.0001 0000839 102.9815  67.3115  1.00271275 33835
ZHONGXING-20            
1 28082U 03052A   12354.64062531 -.00000295  00000-0  10000-3 0  7801
2 28082   0.1620  76.2285 0005087 233.0845 107.9746  1.00266599 33374
YAMAL 202               
1 28089U 03053A   12354.18348134  .00000114  00000-0  10000-3 0  6464
2 28089   0.0369 271.7315 0002815 354.3830 297.1376  1.00275612 33280
YAMAL 201               
1 28094U 03053B   12354.77020456 -.00000233  00000-0  10000-3 0   972
2 28094   0.0435 271.8373 0002598 340.9625 203.1910  1.00273264 35460
AMOS-2                  
1 28132U 03059A   12354.10956034 -.00000039  00000-0  10000-3 0  4145
2 28132   0.0502 274.4172 0002693 340.6832 228.4775  1.00273196 32973
EXPRESS-AM22 (SESAT 2)  
1 28134U 03060A   12355.12621066  .00000095  00000-0  10000-3 0  7791
2 28134   0.0136 341.4521 0001002  11.6593 194.4279  1.00272168 32905
AMC-10 (GE-10)          
1 28154U 04003A   12352.40287084  .00000080  00000-0  10000-3 0  6857
2 28154   0.0161 330.9712 0001936 286.7204 198.7720  1.00272902 32500
MBSAT                   
1 28184U 04007A   12353.14047439 -.00000257  00000-0  10000-3 0  5434
2 28184   0.0104 308.5812 0001541 295.9602  37.2327  1.00270024 32196
EUTELSAT 7A             
1 28187U 04008A   12354.95678251  .00000044  00000-0  10000-3 0  4757
2 28187   0.0607 354.1407 0004027 268.9303 177.2938  1.00271467 32177
DIRECTV 7S              
1 28238U 04016A   12354.36216924 -.00000004  00000-0  10000-3 0  6527
2 28238   0.0097 357.3539 0002475 262.4848 199.8279  1.00272097 31678
AMC-11 (GE-11)          
1 28252U 04017A   12354.65328581  .00000065  00000-0  10000-3 0  3555
2 28252   0.0140 340.9380 0002664 281.3058 290.5684  1.00271503 31465
INTELSAT 10-02          
1 28358U 04022A   12354.90890309 -.00000014  00000-0  10000-3 0  4396
2 28358   0.0125 127.9287 0000092 100.8448 186.3373  1.00271342 31227
APSTAR 5 (TELSTAR 18)   
1 28364U 04024A   12354.74284764 -.00000298  00000-0  10000-3 0  5125
2 28364   0.0139 288.5802 0001848 332.0361 233.5184  1.00270257 31206
ANIK F2                 
1 28378U 04027A   12355.38189078 -.00000052  00000-0  10000-3 0  2031
2 28378   0.0246 359.8373 0000402 126.6798 349.2370  1.00271234 30950
AMAZONAS 1              
1 28393U 04031A   12350.46012483 -.00000289  00000-0  10000-3 0   560
2 28393   0.0310 314.2897 0002557 330.7300 264.1299  1.00268708 30671
AMC-15                  
1 28446U 04041A   12354.59767624 -.00000092  00000-0  10000-3 0  6481
2 28446   0.0171 359.6503 0001643 259.4274 299.6003  1.00269905 29982
FENGYUN 2C              
1 28451U 04042A   12353.97907433 -.00000365  00000-0  10000-3 0  5698
2 28451   4.3660  64.2230 0001917  61.4727  78.4114  1.00267072 29891
EXPRESS-AM1             
1 28463U 04043A   12355.21541661  .00000146  00000-0  10000-3 0  4457
2 28463   2.2371  71.4397 0001364 315.6645 179.6413  1.00273307 29819
AMC-16                  
1 28472U 04048A   12353.44707667 -.00000212  00000-0  10000-3 0  6306
2 28472   0.0119 343.9299 0002684 247.7197 291.7367  1.00269182 29399
NSS-10 (AMC-12)         
1 28526U 05003A   12353.13891339 -.00000257  00000-0  10000-3 0   879
2 28526   0.0210  17.5423 0002453 250.9824 191.2225  1.00271005 28899
XTAR-EUR                
1 28542U 05005A   12350.07295111  .00000145  00000-0  00000+0 0  1179
2 28542   0.0219 282.0932 0001191 338.1637 239.1494  1.00272514 28727
HIMAWARI-6 (MTSAT-1R)   
1 28622U 05006A   12349.63088213 -.00000285  00000-0  10000-3 0  7988
2 28622   0.0091 251.0469 0000657 169.6947  30.1038  1.00268075 28553
XM-3 (RHYTHM)           
1 28626U 05008A   12353.44707667 -.00000212  00000-0  10000-3 0  2940
2 28626   0.0126 123.2963 0001251  29.5256  10.4724  1.00268954 28642
INMARSAT 4-F1           
1 28628U 05009A   12352.53400582 -.00000269  00000-0  10000-3 0  6607
2 28628   2.5627 347.7318 0002482 273.0679 161.4849  1.00269427 28254
EXPRESS-AM2             
1 28629U 05010A   12354.99013122 -.00000139  00000-0  10000-3 0  1265
2 28629   0.0400 187.5258 0000652  21.9303 315.9662  1.00271070 28303
APSTAR 6                
1 28638U 05012A   12354.48408175 -.00000323  00000-0  10000-3 0  4490
2 28638   0.0348  53.9192 0002171 230.8535 111.9467  1.00268386 53012
SPACEWAY 1              
1 28644U 05015A   12354.40664115 -.00000107  00000-0  10000-3 0  5200
2 28644   0.0422 194.5147 0000551   5.0146 292.3476  1.00270951 28101
DIRECTV 8               
1 28659U 05019A   12354.35338117 -.00000120  00000-0  10000-3 0  5940
2 28659   0.0098 321.3479 0002852 304.3547 208.9801  1.00270897 27776
GALAXY 28 (G-28)        
1 28702U 05022A   12354.51622666 -.00000190  00000-0  10000-3 0  3828
2 28702   0.0248  52.5476 0002701 104.9043  27.9049  1.00271951 27483
EXPRESS-AM3             
1 28707U 05023A   12354.51362287 -.00000285  00000-0  10000-3 0  8903
2 28707   0.0251  90.3469 0002749 215.3106 107.7165  1.00271011 27453
THAICOM 4               
1 28786U 05028A   12352.73184595 -.00000370  00000-0  10000-3 0  1167
2 28786   0.0043 312.8408 0002155 296.7970 220.0768  1.00269593 26973
GALAXY 14 (G-14)        
1 28790U 05030A   12352.55615740  .00000028  00000-0  10000-3 0  4292
2 28790   0.0213 359.3115 0002258 248.2664 274.2465  1.00274320 26872
ANIK F1R                
1 28868U 05036A   12354.46535870 -.00000078  00000-0  10000-3 0  1036
2 28868   0.0151 324.8123 0001888 264.7777 279.0799  1.00271365 26746
GALAXY 15 (G-15)        
1 28884U 05041A   12353.63859934  .00000073  00000-0  10000-3 0  4215
2 28884   0.0165 303.2180 0000764 282.2768 319.0373  1.00271616 26315
SYRACUSE 3A             
1 28885U 05041B   12354.11074953  .00000124  00000-0  00000+0 0  2399
2 28885   0.0297  54.7646 0001532 190.8042 289.4028  1.00273277 26424
INMARSAT 4-F2           
1 28899U 05044A   12355.26228147  .00000134  00000-0  10000-3 0  5052
2 28899   2.2592 344.7121 0002783 276.9910 307.0410  1.00273364 26104
TELKOM 2                
1 28902U 05046A   12352.67338333 -.00000370  00000-0  10000-3 0  2421
2 28902   0.0376  97.9123 0000842 164.3235 184.8877  1.00269580 25986
SPACEWAY 2              
1 28903U 05046B   12354.00634160 -.00000132  00000-0  10000-3 0  3874
2 28903   0.0286 161.9702 0000223 315.7297 233.4781  1.00271932 26075
INSAT-4A                
1 28911U 05049A   12355.00863024 -.00000167  00000-0  10000-3 0  4655
2 28911   0.0360  71.5556 0006514 186.3762 277.1534  1.00270072 25689
METEOSAT-9 (MSG-2)      
1 28912U 05049B   12355.03025142 -.00000010  00000-0  10000-3 0  3375
2 28912   0.3733 350.3418 0002937 128.5957 340.5859  1.00275110 25707
AMC-23                  
1 28924U 05052A   12353.77533153 -.00000012  00000-0  10000-3 0  3043
2 28924   0.0138 336.3356 0002581 288.5157 274.0344  1.00271447 25568
ECHOSTAR 10             
1 28935U 06003A   12354.21583426 -.00000061  00000-0  10000-3 0  5338
2 28935   0.0158 348.0771 0000905 234.5184 193.1267  1.00272434 25104
MTSAT-2                 
1 28937U 06004A   12353.84164608 -.00000248  00000-0  10000-3 0  2981
2 28937   0.0481  76.2204 0002605 200.7209 258.9123  1.00270921 25074
SPAINSAT                
1 28945U 06007A   12354.15427264 -.00000221  00000-0  10000-3 0  9593
2 28945   0.0324 234.7039 0006336  14.8176 224.1625  1.00269676 24849
EUTELSAT 9A             
1 28946U 06007B   12354.06631809  .00000056  00000-0  10000-3 0   356
2 28946   0.0634  75.2294 0005422 190.6672 215.0352  1.00273058 24894
JCSAT-5A                
1 29045U 06010A   12354.47253602 -.00000333  00000-0  10000-3 0   873
2 29045   0.0158   4.6497 0001947 218.9784 166.9754  1.00269226 24547
ASTRA 1KR               
1 29055U 06012A   12349.00000000  .00000116  00000-0  00000+0 0  5655
2 29055   0.0780 286.5100 0003668 313.5340 222.1980  1.00266570 24403
GOES 13                 
1 29155U 06018A   12355.23608334 -.00000253  00000-0  10000-3 0  3441
2 29155   0.2702  97.7208 0001385 342.9100  19.0416  1.00268539 24117
SATMEX 6                
1 29162U 06020A   12353.55349375 -.00000043  00000-0  10000-3 0  9984
2 29162   0.0505 146.2463 0001617 110.4646 277.0955  1.00271754 24058
THAICOM 5               
1 29163U 06020B   12353.81283234 -.00000127  00000-0  10000-3 0  3061
2 29163   0.0446 270.6397 0004595 353.8047 194.4599  1.00271190 24125
GALAXY 16 (G-16)        
1 29236U 06023A   12353.44651286 -.00000133  00000-0  10000-3 0  3494
2 29236   0.0012   1.5328 0003150 241.9496 265.7053  1.00271182 23847
EUTELSAT HOT BIRD 13B   
1 29270U 06032A   12354.01352580  .00000081  00000-0  10000-3 0  9555
2 29270   0.0655   6.5208 0004418 289.7479 169.5904  1.00271160 23458
JCSAT-3A                
1 29272U 06033A   12354.75264360 -.00000349  00000-0  10000-3 0  1300
2 29272   0.0121 327.8595 0001976 303.1054 216.7280  1.00269680 23357
SYRACUSE 3B             
1 29273U 06033B   12355.03222833 -.00000047  00000-0  10000-3 0   508
2 29273   0.0222  52.5348 0003395 205.0158 197.8518  1.00270893 23340
KOREASAT 5 (MUGUNGWHA 5)
1 29349U 06034A   12353.20174973 -.00000365  00000-0  10000-3 0  1505
2 29349   0.0336  68.2327 0001497 198.7450   5.9142  1.00270172 23213
ZHONGXING-22A           
1 29398U 06038A   12353.22462128 -.00000318  00000-0  10000-3 0  8434
2 29398   2.6527  70.1777 0002549 209.0778 350.3247  1.00249901 23013
DIRECTV 9S              
1 29494U 06043A   12353.24901503 -.00000121  00000-0  10000-3 0  2519
2 29494   0.0042  40.2649 0002868 213.0535 182.4820  1.00270857 22687
OPTUS D1                
1 29495U 06043B   12353.70833369 -.00000117  00000-0  10000-3 0  1104
2 29495   0.0077 281.2378 0003253 330.6804 250.7926  1.00271214 22725
XM-4 (BLUES)            
1 29520U 06049A   12353.38949341 -.00000029  00000-0  10000-3 0  9774
2 29520   0.0214 167.7357 0000337 117.6566 186.9579  1.00271090 22580
BADR-4                  
1 29526U 06051A   12355.00658480  .00000142  00000-0  10000-3 0  1187
2 29526   0.0515 323.3571 0005187 317.4776 196.5408  1.00274662 22484
FENGYUN 2D              
1 29640U 06053A   12354.73769095 -.00000210  00000-0  10000-3 0  5765
2 29640   2.7717  72.8409 0000210 304.3056  64.4171  1.00272443 22157
WILDBLUE-1              
1 29643U 06054A   12354.28110049 -.00000054  00000-0  10000-3 0  8497
2 29643   0.0155  58.9834 0001238 184.8712 194.4368  1.00271352 22133
AMC-18                  
1 29644U 06054B   12354.59767624 -.00000093  00000-0  10000-3 0  2429
2 29644   0.0197 296.2171 0002677 323.6414 298.9502  1.00271530 22140
MEASAT-3                
1 29648U 06056A   12354.77020456 -.00000245  00000-0  10000-3 0  9257
2 29648   0.0223  57.5557 0000856 174.4513 225.5312  1.00271617 22162
KIKU-8 (ETS-VIII)       
1 29656U 06059A   12354.85806291 -.00000242  00000-0  10000-3 0   682
2 29656   2.3866  71.3793 0005193 212.9071 259.2069  1.00271816 22053
INSAT-4B                
1 30793U 07007A   12354.99410646 -.00000261  00000-0  10000-3 0  1570
2 30793   0.0108 328.5315 0000662 227.5860 344.2195  1.00270952 21179
SKYNET 5A               
1 30794U 07007B   12354.95678251  .00000038  00000-0  10000-3 0  9631
2 30794   0.0712 358.3909 0003096 254.8581 186.1322  1.00273500 21333
ANIK F3                 
1 31102U 07009A   12354.36216924 -.00000005  00000-0  10000-3 0   891
2 31102   0.0032  53.3565 0001654 199.2836 207.3794  1.00270615 20922
ASTRA 1L                
1 31306U 07016A   12349.00000000  .00000116  00000-0  00000+0 0  5135
2 31306   0.0960 304.6660 0003708 340.4820 177.1040  1.00267023 20614
GALAXY 17 (G-17)        
1 31307U 07016B   12355.18107917 -.00000177  00000-0  00000+0 0   545
2 31307   0.0077  31.0486 0003378 236.1227 156.1645  1.00270129 20671
EUTELSAT 3A             
1 31577U 07021A   12355.02839690  .00000017  00000-0  00000+0 0  5753
2 31577   0.0020  81.6724 0001633 125.2065 255.4869  1.00270207 20379
ZHONGXING-6B            
1 31800U 07031A   12354.59120553 -.00000366  00000-0  10000-3 0  5624
2 31800   0.0043   3.4983 0002633 272.8964 140.5602  1.00272147 20060
DIRECTV 10              
1 31862U 07032A   12354.40664115 -.00000107  00000-0  10000-3 0   493
2 31862   0.0235 189.9824 0000354  77.2007 224.8019  1.00271161 19991
SPACEWAY 3              
1 32018U 07036A   12352.32931441 -.00000159  00000-0  10000-3 0  9653
2 32018   0.0277 151.4353 0000343 349.6901 328.8414  1.00271346 19695
BSAT-3A                 
1 32019U 07036B   12348.48857709 -.00000351  00000-0  10000-3 0  8619
2 32019   0.0440 154.6949 0002588  12.0446 201.5781  1.00269095 19593
INSAT-4CR               
1 32050U 07037A   12355.00444594 -.00000081  00000-0  10000-3 0  1427
2 32050   0.0329  71.6842 0003726 186.3902 266.5469  1.00272264 19441
OPTUS D2                
1 32252U 07044A   12353.61398233 -.00000190  00000-0  10000-3 0   792
2 32252   0.0163  17.8042 0003086 242.9647 199.8699  1.00269656 19117
INTELSAT 11 (IS-11)     
1 32253U 07044B   12354.39150920 -.00000273  00000-0  10000-3 0  7843
2 32253   0.0210 265.9487 0002679  11.2598 269.1030  1.00269652 19115
STAR ONE C1             
1 32293U 07056A   12354.21916339 -.00000282  00000-0  10000-3 0  8699
2 32293   0.0230 255.9392 0001785  32.6895 173.4857  1.00270224 18748
SKYNET 5B               
1 32294U 07056B   12354.99517005  .00000096  00000-0  00000+0 0  9780
2 32294   0.0675 351.5932 0003799 261.7058 246.6862  1.00273912 18834
ASTRA 4A (SIRIUS 4)     
1 32299U 07057A   12355.02839690  .00000029  00000-0  10000-3 0  8542
2 32299   0.0128  16.6610 0002389 246.7085 200.6668  1.00271701 18682
RADUGA-1M 1             
1 32373U 07058A   12354.70905919 -.00000042  00000-0  10000-3 0  4427
2 32373   0.0231  35.9170 0001743 224.6338 153.4007  1.00271529 19326
HORIZONS-2              
1 32388U 07063B   12353.10000000 -.00000190  00000-0  00000+0 0  9052
2 32388   0.0180  37.0420 0002724 244.2130 286.7160  1.00272884 18452
THURAYA-3               
1 32404U 08001A   12354.61273877 -.00000309  00000-0  10000-3 0  9748
2 32404   4.7682 340.3178 0004866 280.9765 146.5206  1.00270047 18126
EXPRESS-AM33            
1 32478U 08003A   12354.41199817 -.00000284  00000-0  10000-3 0  3779
2 32478   0.0293 231.9980 0001303 155.6546 305.5345  1.00268356 18220
THOR 5                  
1 32487U 08006A   12354.06701918 -.00000014  00000-0  10000-3 0  9108
2 32487   0.0399 193.6227 0002164  65.3726 212.4346  1.00271707 17778
KIZUNA (WINDS)          
1 32500U 08007A   12353.61820575 -.00000265  00000-0  10000-3 0  8338
2 32500   0.0640 273.7625 0002228 341.5114 197.8945  1.00269972 17701
AMC-14                  
1 32708U 08011A   12355.02084248  .00000155  00000-0  10000-3 0   383
2 32708  15.8869  90.8557 0044876 358.1823  41.8769  1.00271563 18764
DIRECTV 11              
1 32729U 08013A   12353.33724063 -.00000132  00000-0  10000-3 0    01
2 32729   0.0252 108.5095 0000291 356.6800   4.3243  1.00270743 17516
ICO G1                  
1 32763U 08016A   12353.88180215 -.00000179  00000-0  10000-3 0  9513
2 32763   4.5569 339.1262 0003510 283.6272  49.7278  1.00270575 17177
VINASAT-1               
1 32767U 08018A   12353.76935935 -.00000334  00000-0  10000-3 0  8784
2 32767   0.0182   9.2462 0001320 242.8557 244.5725  1.00269596 17195
STAR ONE C2             
1 32768U 08018B   12354.38685637 -.00000269  00000-0  10000-3 0  8502
2 32768   0.0336  49.6437 0002418 248.1676 219.8237  1.00269230 17230
TIANLIAN I (CTDRS-1)    
1 32779U 08019A   12354.11695275 -.00000112  00000-0  10000-3 0  3530
2 32779   0.1360 266.8330 0006762 294.4127   5.9464  1.00272774 17059
AMOS-3                  
1 32794U 08022A   12355.03222833 -.00000038  00000-0  10000-3 0  7035
2 32794   0.0209 258.1946 0001188 307.7611 250.6417  1.00270593 17040
GALAXY 18 (G-18)        
1 32951U 08024A   12353.38929522  .00000019  00000-0  10000-3 0  7293
2 32951   0.0078 236.8065 0002741  26.2892 201.4297  1.00271492 16794
CHINASAT 9 (ZX 9)       
1 33051U 08028A   12354.59075907 -.00000251  00000-0  10000-3 0  3286
2 33051   0.0134  16.1298 0004312 245.4026 131.9118  1.00270348 16626
SKYNET 5C               
1 33055U 08030A   12354.08335251 -.00000145  00000-0  10000-3 0  6935
2 33055   0.0704 338.3696 0003005 272.5100 209.3709  1.00270603 16615
TURKSAT 3A              
1 33056U 08030B   12351.21353444  .00000138  00000-0  10000-3 0  7518
2 33056   0.0091  26.8710 0002255 248.3617 288.8940  1.00272097 16631
COSMOS 2440             
1 33108U 08033A   12353.71207021 -.00000048  00000-0  10000-3 0   834
2 33108   1.6374  54.8444 0001960  18.9779 340.4549  1.00266879 16391
INTELSAT 25 (IS-25)     
1 33153U 08034A   12353.29884704 -.00000231  00000-0  10000-3 0  7715
2 33153   0.0208 355.6488 0002127 249.6969 278.0301  1.00270006 16322
BADR-6                  
1 33154U 08034B   12354.18767065  .00000139  00000-0  10000-3 0  8071
2 33154   0.0617  21.3882 0001861 280.8189 239.5134  1.00270752 16354
ECHOSTAR 11             
1 33207U 08035A   12354.40728389 -.00000061  00000-0  10000-3 0  9764
2 33207   0.0128 338.2566 0002534 294.1645 212.6013  1.00271864 16243
SUPERBIRD-C2            
1 33274U 08038A   12354.52641084 -.00000255  00000-0  10000-3 0  9653
2 33274   0.0247  34.2023 0001157 197.9097 189.8657  1.00270971 15977
AMC-21                  
1 33275U 08038B   12352.55623925  .00000028  00000-0  10000-3 0  8891
2 33275   0.0131 340.3048 0002163 284.2548 257.4127  1.00274385 16043
INMARSAT 4-F3           
1 33278U 08039A   12353.38997366 -.00000149  00000-0  10000-3 0  9773
2 33278   3.0083 345.0693 0002793 272.2128 232.8666  1.00270853 15919
NIMIQ 4                 
1 33373U 08044A   12353.39037005 -.00000227  00000-0  10000-3 0  6876
2 33373   0.0143  29.9339 0001975 239.3651 236.6284  1.00269750 15596
GALAXY 19 (G-19)        
1 33376U 08045A   12354.38618554 -.00000143  00000-0  10000-3 0  8019
2 33376   0.0207 307.2066 0002390 315.9956 227.1471  1.00270934 15555
VENESAT-1               
1 33414U 08055A   12354.22355454 -.00000242  00000-0  10000-3 0  1599
2 33414   0.0407 133.1657 0000941 152.8584 164.6375  1.00268794 15253
ASTRA 1M                
1 33436U 08057A   12349.00000000  .00000116  00000-0  00000+0 0   996
2 33436   0.0200 339.2590 0002657 228.4210 254.5930  1.00264059 15071
CIEL-2                  
1 33453U 08063A   12354.29902154  .00000053  00000-0  10000-3 0  7565
2 33453   0.0176  15.2071 0002642 243.2953 168.5791  1.00271914 14762
EUTELSAT HOT BIRD 13C   
1 33459U 08065A   12354.95613896  .00000084  00000-0  10000-3 0  7348
2 33459   0.0606  66.0890 0001442 167.8497 212.1875  1.00271655 14840
EUTELSAT 28B            
1 33460U 08065B   12354.11594953  .00000145  00000-0  00000+0 0  6342
2 33460   0.0396 263.7338 0004133  41.1682 213.4066  1.00272371 14696
FENGYUN 2E              
1 33463U 08066A   12354.94612593 -.00000334  00000-0  10000-3 0   854
2 33463   0.9559  39.6630 0001294  52.9786  81.1683  1.00279750 14697
EXPRESS-AM44            
1 33595U 09007A   12354.25168991 -.00000094  00000-0  10000-3 0   547
2 33595   0.0039 266.1105 0000952  87.1912 174.5423  1.00270919 14150
EXPRESS-MD1             
1 33596U 09007B   12354.99012919 -.00000140  00000-0  10000-3 0  1034
2 33596   0.0120 274.0479 0001677   0.7192 250.7351  1.00272330 14190
NSS-9                   
1 33749U 09008A   12354.71941727  .00000067  00000-0  00000+0 0  7806
2 33749   0.0172 328.1133 0002181 274.1465 288.4055  1.00272035 14153
EUTELSAT 3C             
1 33750U 09008B   12355.02839690  .00000017  00000-0  10000-3 0  8708
2 33750   0.0649 346.5911 0003392 253.0236 222.6975  1.00272063 14195
TELSTAR 11N             
1 34111U 09009A   12354.15774162 -.00000256  00000-0  10000-3 0  7082
2 34111   0.0013 350.5155 0002600 254.3848 222.4761  1.00270392 14005
RADUGA-1 8              
1 34264U 09010A   12354.19066780  .00000073  00000-0  10000-3 0   738
2 34264   2.3857  93.6058 0001906 173.8405 260.7980  1.00271243 13939
EUTELSAT 10A            
1 34710U 09016A   12354.75504924  .00000065  00000-0  10000-3 0  7535
2 34710   0.0656 344.0708 0005078 281.9731 104.5162  1.00273735 13664
BEIDOU G2               
1 34779U 09018A   12353.88035653  .00000136  00000-0  10000-3 0  8195
2 34779   2.1762  69.9028 0057802 168.3652 191.2661  1.00305635 13673
SICRAL 1B               
1 34810U 09020A   12353.00371750  .00000072  00000-0  10000-3 0  6961
2 34810   0.1260  83.1383 0002868 203.2597 173.6880  1.00273297 13508
SES-7 (PROTOSTAR 2)     
1 34941U 09027A   12354.61645701 -.00000349  00000-0  10000-3 0  7735
2 34941   0.0219 296.7471 0000741 299.7448 182.2311  1.00270091 13222
MEASAT-3A               
1 35362U 09032A   12354.77020456 -.00000245  00000-0  10000-3 0  4800
2 35362   0.0094 297.4754 0003240 333.0141 187.0436  1.00271335 12831
GOES 14                 
1 35491U 09033A   12354.29273711 -.00000185  00000-0  10000-3 0  7564
2 35491   0.1651 261.5736 0005236 279.7845 282.6190  1.00264448 12779
SIRIUS FM-5             
1 35493U 09034A   12354.29769429 -.00000150  00000-0  10000-3 0  5844
2 35493   0.0023 339.5885 0001518  40.4717  79.3957  1.00270665 12752
TERRESTAR-1             
1 35496U 09035A   12354.18051333 -.00000063  00000-0  10000-3 0  7737
2 35496   4.4052 324.8870 0002925 298.2036 139.0818  1.00272029 12763
ASIASAT 5               
1 35696U 09042A   12354.94544700 -.00000311  00000-0  10000-3 0  9453
2 35696   0.0164 324.4805 0001732 260.2712 305.0179  1.00273648 12303
JCSAT-RA (JCSAT-12)     
1 35755U 09044A   12353.76973683 -.00000351  00000-0  10000-3 0  6110
2 35755   0.0547  43.7318 0001504 158.4333 290.6345  1.00270174 12246
OPTUS D3                
1 35756U 09044B   12354.45520512 -.00000151  00000-0  10000-3 0  6340
2 35756   0.0419 341.0337 0003382 291.9202 135.3825  1.00272322 12238
PALAPA D                
1 35812U 09046A   12354.75913197 -.00000361  00000-0  10000-3 0  6425
2 35812   0.0178  48.8652 0001995 245.6759 180.4402  1.00269604 12271
NIMIQ 5                 
1 35873U 09050A   12352.31024560 -.00000265  00000-0  10000-3 0  6359
2 35873   0.0173  37.6808 0001858 229.3529 218.2872  1.00270592 11935
AMAZONAS 2              
1 35942U 09054A   12354.38706219 -.00000287  00000-0  10000-3 0  5811
2 35942   0.0504 154.8204 0003030  61.2020 310.6897  1.00269927 11805
COMSATBW-1              
1 35943U 09054B   12354.99937463  .00000022  00000-0  10000-3 0  6093
2 35943   0.0195 210.9793 0002298  34.2514 266.4997  1.00269492 11853
NSS-12                  
1 36032U 09058A   12352.00589848  .00000063  00000-0  10000-3 0  5866
2 36032   0.0157   1.9470 0002357 249.9586 253.2498  1.00272215 11511
THOR 6                  
1 36033U 09058B   12355.03058986 -.00000013  00000-0  10000-3 0  6538
2 36033   0.0018 277.9633 0001788 323.8182 217.3914  1.00270817 11560
INTELSAT 14 (IS-14)     
1 36097U 09064A   12353.14138618 -.00000281  00000-0  10000-3 0  4755
2 36097   0.0180 314.3816 0001456 313.3545 185.3016  1.00270387 11286
EUTELSAT 36B            
1 36101U 09065A   12354.68396953  .00000151  00000-0  10000-3 0  6599
2 36101   0.0630 351.2720 0004171 266.7984 112.7594  1.00274630 11405
INTELSAT 15 (IS-15)     
1 36106U 09067A   12353.10000000 -.00000192  00000-0  00000+0 0  6723
2 36106   0.0170  22.1340 0002192 246.8170 299.2980  1.00271969 11174
DIRECTV 12              
1 36131U 09075A   12354.25543203 -.00000108  00000-0  10000-3 0  8234
2 36131   0.0388 195.2905 0000545 342.1808 259.9730  1.00270881 10975
BEIDOU G1               
1 36287U 10001A   12354.78905243 -.00000288  00000-0  10000-3 0  8331
2 36287   1.5936 355.3281 0002869 242.2462 275.3372  1.00272167 10776
RADUGA-1M 2             
1 36358U 10002A   12353.97966653 -.00000189  00000-0  00000+0 0  8440
2 36358   0.0199 346.4596 0002699 267.3464 271.8310  1.00269667 10595
SDO                     
1 36395U 10005A   12354.22064757 -.00000027  00000-0  10000-3 0  6362
2 36395  27.8257 170.5956 0000816 335.8191 279.5354  1.00272484 10641
INTELSAT 16 (IS-16)     
1 36397U 10006A   12353.43402826 -.00000291  00000-0  10000-3 0  5777
2 36397   0.0218  33.5354 0002049 219.2931 292.7649  1.00271400 10427
GOES 15                 
1 36411U 10008A   12355.31631838  .00000088  00000-0  10000-3 0  3661
2 36411   0.1862 258.2072 0002514  13.0754 156.4138  1.00270910 10281
ECHOSTAR 14             
1 36499U 10010A   12355.42056928 -.00000002  00000-0  10000-3 0  7372
2 36499   0.0014 321.1816 0002835 302.0966 218.6272  1.00272131 10134
SES-1                   
1 36516U 10016A   12354.25841984 -.00000119  00000-0  10000-3 0  6291
2 36516   0.0147 355.9601 0002197 267.0070 177.3069  1.00270919  9725
ASTRA 3B                
1 36581U 10021A   12354.98367644  .00000134  00000-0  00000+0 0  4957
2 36581   0.0448 303.8186 0001502 271.7032 251.0735  1.00274266  9572
COMSATBW-2              
1 36582U 10021B   12354.95716826  .00000086  00000-0  10000-3 0  5722
2 36582   0.0679  79.3296 0001455 200.7894 166.6581  1.00275872  9586
BEIDOU G3               
1 36590U 10024A   12353.97747611 -.00000360  00000-0  10000-3 0  6740
2 36590   1.2688  14.2016 0003920 309.1456 226.9818  1.00265650  9365
BADR-5                  
1 36592U 10025A   12353.11418294  .00000137  00000-0  10000-3 0  4201
2 36592   0.0407  93.1298 0004402 126.1094 294.9767  1.00270289  9498
COMS 1                  
1 36744U 10032A   12353.76973885 -.00000350  00000-0  10000-3 0  4973
2 36744   0.0370  55.6296 0000474 178.3148 259.1794  1.00271386  9235
ARABSAT-5A              
1 36745U 10032B   12352.87619839  .00000146  00000-0  10000-3 0  4513
2 36745   0.0563 353.3012 0002761 267.7505 171.7464  1.00272227  9255
ECHOSTAR 15             
1 36792U 10034A   12355.33111009 -.00000284  00000-0  10000-3 0  5422
2 36792   0.0232 318.3407 0001999 314.8570 233.6727  1.00271483  8990
BEIDOU IGSO 1           
1 36828U 10036A   12354.78443674 -.00000100  00000-0  10000-3 0  6246
2 36828  54.6275 209.8132 0029034 178.5356 103.1324  1.00279921  8807
NILESAT 201             
1 36830U 10037A   12353.32559103 -.00000065  00000-0  10000-3 0  4668
2 36830   0.0489 164.6149 0004986  78.6589 314.2562  1.00271316  8860
RASCOM-QAF 1R           
1 36831U 10037B   12352.92902914  .00000011  00000-0  10000-3 0  4385
2 36831   0.0240  41.3818 0003921 226.4117 156.4938  1.00272471  8864
CHINASAT 6A (ZX 6A)     
1 37150U 10042A   12354.44023537 -.00000359  00000-0  10000-3 0  6490
2 37150   0.0445 207.3001 0002593 234.4265 290.1881  1.00265886  8529
XM-5                    
1 37185U 10053A   12354.45038919 -.00000209  00000-0  10000-3 0  5450
2 37185   0.0030 350.6837 0002367 165.7967   8.8599  1.00270028  8041
BSAT-3B                 
1 37207U 10056B   12353.97747611 -.00000355  00000-0  10000-3 0  5014
2 37207   0.6250  75.0121 0001470 267.3762 207.1252  1.00270163  7876
BEIDOU G4               
1 37210U 10057A   12354.46532666 -.00000117  00000-0  10000-3 0  5742
2 37210   0.5214 344.7619 0005461 228.8692 202.3098  1.00271948  7894
SKYTERRA 1              
1 37218U 10061A   12354.48995060 -.00000126  00000-0  10000-3 0  5636
2 37218   5.1596 321.5104 0004922 178.1259  23.9236  1.00270440  7814
ZHONGXING-20A           
1 37234U 10064A   12354.79340443 -.00000340  00000-0  10000-3 0  5672
2 37234   0.0263 236.7551 0003020  80.8325 186.8574  1.00273271  7641
HYLAS 1                 
1 37237U 10065A   12354.25959422 -.00000238  00000-0  10000-3 0  4552
2 37237   0.0347 303.5549 0001559 351.2426 213.3946  1.00272208  7591
INTELSAT 17 (IS-17)     
1 37238U 10065B   12352.86389472 -.00000009  00000-0  10000-3 0  3735
2 37238   0.0140  27.1818 0002466 242.4223 194.2645  1.00271550  7609
BEIDOU IGSO 2           
1 37256U 10068A   12354.87258492 -.00000245  00000-0  10000-3 0  5248
2 37256  54.7981 330.1404 0023648 194.5388 356.0384  1.00298738  7391
EUTELSAT KA-SAT 9A      
1 37258U 10069A   12354.74936617  .00000057  00000-0  10000-3 0  4721
2 37258   0.0396 306.1989 0000451 218.5418 202.7155  1.00268601  7418
HISPASAT 1E             
1 37264U 10070A   12353.90000000 -.00000222  00000-0  00000+0 0  4499
2 37264   0.0410 114.2930 0002691 103.1270 164.4860  1.00271742  7258
KOREASAT 6              
1 37265U 10070B   12354.75685584 -.00000366  00000-0  10000-3 0  3932
2 37265   0.0267 238.5148 0001883  81.2979 157.4049  1.00269589  7284
ELEKTRO-L 1 (GOMS 2)    
1 37344U 11001A   12355.13069377 -.00000100  00000-0  10000-3 0  4986
2 37344   0.0238 222.4391 0001905 353.5607 356.2267  1.00271282  7071
BEIDOU IGSO 3           
1 37384U 11013A   12354.58788291 -.00000178  00000-0  10000-3 0  4383
2 37384  55.9316  90.1520 0026351 178.3861 149.5659  1.00249640  6263
INTELSAT NEW DAWN       
1 37392U 11016A   12354.67936593  .00000152  00000-0  10000-3 0  3598
2 37392   0.0154  50.3865 0000908  50.4094 265.2497  1.00273235  6130
YAHSAT 1A               
1 37393U 11016B   12355.06222135  .00000098  00000-0  10000-3 0  4638
2 37393   0.0005 327.6208 0001167 331.5601 224.7415  1.00272641  6176
TELSTAR 14R             
1 37602U 11021A   12354.38701645 -.00000284  00000-0  10000-3 0  3164
2 37602   0.0048 342.3093 0001987 267.3489 275.0136  1.00267842  6471
GSAT-8                  
1 37605U 11022A   12354.61553544  .00000081  00000-0  10000-3 0  3587
2 37605   0.0243 258.9615 0007228 354.7005 111.5869  1.00273001  5843
ST-2                    
1 37606U 11022B   12354.83816567 -.00000215  00000-0  10000-3 0  3602
2 37606   0.0168  22.9921 0001806 229.3322 226.2460  1.00271960  5858
CHINASAT 10 (ZX 10)     
1 37677U 11026A   12354.58532583 -.00000356  00000-0  10000-3 0  4178
2 37677   0.0245 248.4494 0004007 288.6662 232.7083  1.00271115  5588
TIANLIAN 1-02           
1 37737U 11032A   12354.15351336  .00000026  00000-0  10000-3 0  4016
2 37737   0.0974 251.4609 0003115  40.2686  28.5388  1.00268198  5309
GSAT-12                 
1 37746U 11034A   12354.82550225 -.00000168  00000-0  10000-3 0  3343
2 37746   0.0469 253.6604 0004473 211.8096   3.5275  1.00271739  5567
SES-3                   
1 37748U 11035A   12354.40664115 -.00000106  00000-0  10000-3 0  3649
2 37748   0.0339  17.2229 0002400 245.1774 229.2899  1.00271486  5280
KAZSAT-2                
1 37749U 11035B   12353.80996897 -.00000204  00000-0  10000-3 0  2994
2 37749   0.0048  17.5471 0000135 170.9573 277.4236  1.00271410  5349
BEIDOU IGSO 4           
1 37763U 11038A   12354.84980079 -.00000050  00000-0  10000-3 0  2925
2 37763  54.9466 211.9322 0019677 172.4071 106.5054  1.00274636  5234
ASTRA 1N                
1 37775U 11041A   12349.00000000  .00000146  00000-0  00000+0 0  2910
2 37775   0.0840  33.4930 0001807  16.6600  61.1020  1.00268504  5001
BSAT-3C (JCSAT-110R)    
1 37776U 11041B   12354.85880841 -.00000354  00000-0  00000+0 0  3338
2 37776   0.0176 301.7200 0000694  36.7481 169.5223  1.00269927  5141
PAKSAT-1R               
1 37779U 11042A   12354.88365737  .00000151  00000-0  00000+0 0  2510
2 37779   0.0412 152.3913 0001856  97.2256 195.3461  1.00270460  5067
CHINASAT 1A (ZX 1A)     
1 37804U 11047A   12354.71935347 -.00000342  00000-0  10000-3 0  3436
2 37804   0.0496 222.9626 0003012 183.0443  71.4557  1.00267751  4698
COSMOS 2473             
1 37806U 11048A   12354.99012882 -.00000138  00000-0  10000-3 0  3331
2 37806   0.0836  87.2243 0000638 241.2697 196.8689  1.00270949  4662
SES-2                   
1 37809U 11049A   12353.44959715 -.00000202  00000-0  10000-3 0  2431
2 37809   0.0127 341.1969 0002544 291.1329 249.9787  1.00272062  4600
ARABSAT-5C              
1 37810U 11049B   12355.12580244  .00000120  00000-0  10000-3 0  2132
2 37810   0.0632 352.6601 0003351 222.3749 299.3077  1.00272388  4659
EUTELSAT 7 WEST A       
1 37816U 11051A   12355.03295605 -.00000064  00000-0  10000-3 0  3314
2 37816   0.0660   6.4911 0005940 195.3985 251.6807  1.00270886  4564
QUETZSAT 1              
1 37826U 11054A   12354.38696309 -.00000272  00000-0  10000-3 0  2973
2 37826   0.0886 273.8974 0001038 262.2380 346.1454  1.00133965  4688
INTELSAT 18 (IS-18)     
1 37834U 11056A   12354.56103088  .00000048  00000-0  10000-3 0  2511
2 37834   0.0094 319.4024 0000504 271.4276 239.6908  1.00270028  4552
EUTELSAT 16A            
1 37836U 11057A   12354.92085306  .00000100  00000-0  10000-3 0  2560
2 37836   0.0614 351.8701 0004462 278.3773 166.1401  1.00271126  4427
VIASAT-1                
1 37843U 11059A   12353.38950866 -.00000030  00000-0  10000-3 0  2283
2 37843   0.0019 319.9277 0002292 297.5446 215.0393  1.00271418  4851
ASIASAT 7               
1 37933U 11069A   12354.50482310 -.00000338  00000-0  10000-3 0  2846
2 37933   0.0051 324.7585 0000618 264.7966 146.2553  1.00268827  4062
BEIDOU IGSO 5           
1 37948U 11073A   12354.92655128 -.00000185  00000-0  10000-3 0  2695
2 37948  54.9151 329.5474 0020331 190.7560 356.8188  1.00269848  3997
AMOS-5                  
1 37950U 11074A   12355.01559413  .00000107  00000-0  10000-3 0  1636
2 37950   0.0366 146.9330 0000478  46.7062 277.9909  1.00275761  3938
LUCH 5A                 
1 37951U 11074B   12334.79299150 -.00000256  00000-0  00000+0 0  2337
2 37951   4.1225 263.1644 0006271   8.0086 178.2509  1.00269962  3577
NIGCOMSAT 1R            
1 38014U 11077A   12355.06868057  .00000142  00000-0  10000-3 0  1913
2 38014   0.0607 115.6285 0001082  19.4341  21.1742  1.00271170  3753
FENGYUN 2F              
1 38049U 12002A   12353.90859160 -.00000363  00000-0  10000-3 0  2519
2 38049   1.6636 277.5732 0007572 238.0846  12.1135  1.00266880  3471
SES-4                   
1 38087U 12007A   12355.09652212 -.00000171  00000-0  10000-3 0  1771
2 38087   0.0127 323.4845 0001882 308.2022 190.1283  1.00270797  3160
BEIDOU G5               
1 38091U 12008A   12354.18398204  .00000053  00000-0  00000+0 0  2273
2 38091   1.3882 309.4344 0001473 291.7865 331.8556  1.00268853  3068
INTELSAT 22 (IS-22)     
1 38098U 12011A   12352.99285528 -.00000066  00000-0  10000-3 0  1465
2 38098   0.0233  28.6654 0002238 219.0185 268.8532  1.00271348  2721
COSMOS 2479             
1 38101U 12012A   12354.57747053 -.00000062  00000-0  10000-3 0  2022
2 38101   1.7451 287.2892 0001256 108.2264  66.7796  1.00274643  2659
APSTAR 7                
1 38107U 12013A   12355.12965330 -.00000104  00000-0  10000-3 0  1780
2 38107   0.0436  62.1260 0002187 202.7339 307.4147  1.00271253  2767
YAHSAT 1B               
1 38245U 12016A   12353.93005035  .00000121  00000-0  10000-3 0  1519
2 38245   0.0076  32.0804 0001220 239.1919 199.0530  1.00272615  2501
JCSAT-13                
1 38331U 12023A   12353.77482635 -.00000362  00000-0  10000-3 0  1350
2 38331   0.0152  20.7261 0002185 196.3244 273.6608  1.00271240  2226
VINASAT-2               
1 38332U 12023B   12354.59617317 -.00000333  00000-0  10000-3 0  1368
2 38332   0.0136 293.7130 0001747 341.5155 159.8119  1.00269762  2222
NIMIQ 6                 
1 38342U 12026A   12354.29586177 -.00000178  00000-0  00000+0 0  1483
2 38342   0.0132 264.1345 0004463  92.1281 107.4080  1.00270927  2182
CHINASAT 2A (ZX 2A)     
1 38352U 12028A   12353.22630097 -.00000300  00000-0  10000-3 0  1548
2 38352   0.0890  72.2875 0002392 258.5383 296.1635  1.00271813  2211
INTELSAT 19 (IS-19)     
1 38356U 12030A   12354.62213176 -.00000061  00000-0  10000-3 0  1381
2 38356   0.0159 345.0125 0002143 300.8730 192.6900  1.00271126  2136
ECHOSTAR 17             
1 38551U 12035A   12354.57345920 -.00000080  00000-0  10000-3 0  1112
2 38551   0.0123  28.4650 0001714 181.1361 338.2940  1.00271913  1711
MSG-3 (METEOSAT-10)     
1 38552U 12035B   12355.33702507 -.00000031  00000-0  10000-3 0  1369
2 38552   1.4785 251.4689 0000157  82.8858 232.6393  1.00274409  1823
SES-5                   
1 38652U 12036A   12354.10978140  .00000028  00000-0  10000-3 0  1289
2 38652   0.0655 269.9034 0001571 339.9160 242.7782  1.00272009  1655
TIANLIAN 1-03           
1 38730U 12040A   12355.04467661  .00000105  00000-0  10000-3 0  1046
2 38730   1.7699 272.7440 0003738   1.3833 207.6541  1.00271055  1580
INTELSAT 20 (IS-20)     
1 38740U 12043A   12353.59630124 -.00000032  00000-0  10000-3 0  1134
2 38740   0.0333  15.4761 0001951 325.1149  30.2145  1.00273508  1415
HYLAS 2                 
1 38741U 12043B   12353.93280933  .00000149  00000-0  10000-3 0   803
2 38741   0.0180 273.8525 0001798 340.5739 200.3207  1.00274742  1431
INTELSAT 21 (IS-21)     
1 38749U 12045A   12353.43393965 -.00000291  00000-0  10000-3 0   964
2 38749   0.0169  15.0938 0000854 236.7113 293.8456  1.00270218  1273
ASTRA 2F                
1 38778U 12051A   12349.00000000  .00000147  00000-0  00000+0 0   544
2 38778   0.0440 269.9520 0003475 313.4450 247.8830  1.00268907   820
GSAT-10                 
1 38779U 12051B   12349.85993481 -.00000169  00000-0  10000-3 0   632
2 38779   0.0088 287.9410 0002496 314.4592 234.0627  1.00269204   831
INTELSAT 23 (IS-23)     
1 38867U 12057A   12355.11318021 -.00000288  00000-0  10000-3 0   488
2 38867   0.0223 355.5296 0001237  47.9656  33.3182  1.00268872   718
BEIDOU G6               
1 38953U 12059A   12354.82704731 -.00000141  00000-0  00000+0 0   360
2 38953   1.7387 276.3976 0002690 324.0758 226.3185  1.00269142   655
LUCH 5B                 
1 38977U 12061A   12354.24679832 -.00000132  00000-0  00000+0 0   447
2 38977   0.2353 142.2627 0003542 230.1867 148.5641  1.00269382   767
YAMAL 300K              
1 38978U 12061B   12354.67425751 -.00000227  00000-0  00000+0 0   281
2 38978   0.1415 127.3727 0005968 221.1912  72.8664  1.00241965   475
STAR ONE C3             
1 38991U 12062A   12352.42107800 -.00000257  00000-0  00000+0 0   564
2 38991   0.0502 130.0993 0001605 138.5645 254.3698  1.00270698   424
EUTELSAT 21B            
1 38992U 12062B   12354.18099130  .00000125  00000-0  10000-3 0   373
2 38992   0.0888  73.5571 0002316 193.6765 267.6825  1.00270174   451
ECHOSTAR 16             
1 39008U 12065A   12354.38692497 -.00000277  00000-0  00000+0 0   343
2 39008   0.0108 286.6024 0001960 191.6947  42.2885  1.00274006   393
