STARLETTE               
1 07646U 75010A   12354.55554745 -.00000152  00000-0 -66093-5 0  1161
2 07646  49.8251 113.7002 0205600 345.3413  14.1578 13.82282429912924
LAGEOS 1                
1 08820U 76039A   12353.21020478  .00000005  00000-0  10000-3 0  3927
2 08820 109.8583 290.8852 0044928 277.6466  81.8952  6.38664814598789
AJISAI (EGS)            
1 16908U 86061A   12355.19454660 -.00000083  00000-0  10000-3 0    49
2 16908  50.0059 177.2079 0011234 238.5913 121.3822 12.44471327867230
LAGEOS 2                
1 22195U 92070B   12355.17257680 -.00000009  00000-0  10000-3 0  6215
2 22195  52.6377 140.6180 0137228 193.0161 166.6830  6.47294626476660
STELLA                  
1 22824U 93061B   12354.85855877  .00001846  00000-0  77167-3 0  3562
2 22824  98.6215 290.3523 0007283 138.1828 221.9966 14.27317308  2010
WESTPAC                 
1 25398U 98043E   12354.45110537 -.00000020  00000-0  95628-5 0  5828
2 25398  98.3963 322.7967 0002296  77.1310 283.0127 14.22724401750193
GRACE-1                 
1 27391U 02012A   12354.16304170  .00004721  00000-0  11212-3 0  2687
2 27391  89.0194 190.8658 0014877 137.9631 222.2729 15.41327158601986
GRACE-2                 
1 27392U 02012B   12355.13653632  .00005372  00000-0  12760-3 0  2712
2 27392  89.0169 190.7621 0015739 137.3673 222.8808 15.41339375602132
GOCE                    
1 34602U 09013A   12355.10840613  .00002599  19150-5  31110-5 0  3202
2 34602  96.5836  17.4302 0006688 134.6710 225.5122 16.11519470220379
LARES                   
1 38077U 12006A   12355.17365614 -.00000022  00000-0  10000-3 0  8430
2 38077  69.4912  68.0413 0008360 358.9879   1.1128 12.54929840 39005
