COSMOS 2413 (712)       
1 28509U 04053B   12355.29361047 -.00000005  00000-0  10000-3 0  2188
2 28509  63.2687 235.6123 0004638 148.5076  47.7671  2.13100650 62134
COSMOS 2419 (714)       
1 28915U 05050A   12355.07783519  .00000038  00000-0  00000+0 0  9722
2 28915  64.9285 121.1531 0015308 353.2988  20.6092  2.13101823 54380
COSMOS 2425 (716)       
1 29670U 06062A   12355.08265236 -.00000048  00000-0  10000-3 0  6798
2 29670  65.8869 359.8635 0021733 339.6904 111.7836  2.13105230 46584
COSMOS 2426 (717)       
1 29671U 06062B   12354.28696046 -.00000051  00000-0  10000-3 0  6971
2 29671  65.9032 359.9441 0017790 175.3880 255.7962  2.13103185 46575
COSMOS 2424 (715)       
1 29672U 06062C   12354.62789667 -.00000050  00000-0  10000-3 0  6993
2 29672  65.8884 359.8850 0017252 174.7662 337.7896  2.13103110 46572
COSMOS 2433 (720)       
1 32275U 07052A   12354.80399292  .00000040  00000-0  10000-3 0  4241
2 32275  64.9412 120.9106 0001553 201.5442 231.3006  2.13096500 40092
COSMOS 2432 (719)       
1 32276U 07052B   12354.79715578  .00000040  00000-0  10000-3 0  4081
2 32276  64.9542 120.9554 0011367 346.1646  35.6960  2.13098082 40091
COSMOS 2434 (721)       
1 32393U 07065A   12354.84362471 -.00000050  00000-0  00000+0 0  2626
2 32393  65.5116 359.7964 0002970 157.0085 204.1196  2.13102887 38807
COSMOS 2435 (722)       
1 32394U 07065B   12354.54289138 -.00000051  00000-0  10000-3 0  1740
2 32394  65.5150 359.8014 0018872 352.1827  94.2764  2.13103894 38733
COSMOS 2436 (723)       
1 32395U 07065C   12354.75889449 -.00000051  00000-0  10000-3 0  1778
2 32395  65.5241 359.8217 0016575 344.5849  43.2239  2.13103050 38732
COSMOS 2442 (724)       
1 33378U 08046A   12354.83176959  .00000039  00000-0  10000-3 0  2062
2 33378  64.8565 120.4057 0022502 335.7396 166.6308  2.13103782 32952
COSMOS 2443 (725)       
1 33379U 08046B   12354.44392524  .00000041  00000-0  10000-3 0  1925
2 33379  64.8653 120.4674 0021006 179.2776 250.5207  2.13101703 32959
COSMOS 2444 (726)       
1 33380U 08046C   12354.50318185  .00000041  00000-0  10000-3 0  1992
2 33380  64.8736 120.4876 0023405 326.4613 105.4776  2.13103156 32940
COSMOS 2447 (727)       
1 33466U 08067A   12354.49770045 -.00000014  00000-0  00000+0 0  1395
2 33466  64.1093 239.7604 0003509 271.3866 258.0942  2.13101426 31002
COSMOS 2449 (729)       
1 33467U 08067B   12355.07011227 -.00000013  00000-0  10000-3 0  1395
2 33467  64.0980 239.7096 0003649 298.3133  85.7764  2.13102035 31041
COSMOS 2448 (728)       
1 33468U 08067C   12354.98833199 -.00000013  00000-0  10000-3 0  1328
2 33468  64.1016 239.7198 0005166 319.9367 269.3066  2.13101759 31026
COSMOS 2456 (730)       
1 36111U 09070A   12354.67345473 -.00000014  00000-0  00000+0 0  8761
2 36111  64.3380 239.9337 0005508 329.6185  64.8242  2.13102012 23469
COSMOS 2457 (733)       
1 36112U 09070B   12354.21431571 -.00000013  00000-0  00000+0 0  8610
2 36112  64.3197 239.9049 0005992 152.8370  24.1787  2.13101691 23459
COSMOS 2458 (734)       
1 36113U 09070C   12354.25017424 -.00000014  00000-0  10000-3 0  8674
2 36113  64.3253 239.9004 0002326  19.0515 231.0465  2.13102030 23457
COSMOS 2459 (731)       
1 36400U 10007A   12354.53999411  .00000040  00000-0  10000-3 0  8051
2 36400  64.8418 120.2391 0029592 356.7101 102.7301  2.13102562 21812
COSMOS 2461 (735)       
1 36401U 10007B   12354.56655133  .00000040  00000-0  10000-3 0  8033
2 36401  64.8343 120.2306 0007033  98.3029 291.8338  2.13102630 21816
COSMOS 2460 (732)       
1 36402U 10007C   12354.57925618  .00000040  00000-0  10000-3 0  8123
2 36402  64.8245 120.2235 0002380 139.3244 304.3120  2.13102260 21812
COSMOS 2466 (738)       
1 37137U 10041A   12354.21036544 -.00000054  00000-0  10000-3 0  6774
2 37137  65.0908   0.5848 0021337 160.6998 298.6599  2.13102578 17882
COSMOS 2465 (737)       
1 37138U 10041B   12354.01031500 -.00000054  00000-0  00000+0 0  6810
2 37138  65.1066   0.6400 0035793 171.6877 315.1663  2.13102975 17870
COSMOS 2464 (736)       
1 37139U 10041C   12354.85429265 -.00000052  00000-0  00000+0 0  6674
2 37139  65.1089   0.5996 0019332   7.3647 181.5322  2.13102865 17893
COSMOS 2471 (701K)      
1 37372U 11009A   12354.47344674  .00000040  00000-0  10000-3 0  5418
2 37372  64.8362 120.1615 0005353 222.2566 249.4935  2.13107340 14091
COSMOS 2474 (742)       
1 37829U 11055A   12354.84444987 -.00000013  00000-0  00000+0 0  3688
2 37829  64.6579 239.8132 0007577 272.6382 118.4587  2.13102018  9463
COSMOS 2476 (744)       
1 37867U 11064A   12354.50763304 -.00000014  00000-0  00000+0 0  3366
2 37867  64.6391 239.9403 0015957 263.5197 274.3673  2.13102143  8807
COSMOS 2477 (745)       
1 37868U 11064B   12354.74310331 -.00000014  00000-0  00000+0 0  3361
2 37868  64.6473 239.9585 0014081 265.6163 272.9149  2.13102054  8761
COSMOS 2475 (743)       
1 37869U 11064C   12354.51584279 -.00000014  00000-0  10000-3 0  3254
2 37869  64.6538 239.9521 0020291 283.2538 306.1560  2.13102340  8761
COSMOS 2478 (746)       
1 37938U 11071A   12354.77517374  .00000039  00000-0  00000+0 0  3160
2 37938  64.8543 120.3396 0011677 231.1765 272.5613  2.13102591  8382
