INTELSAT 602 (IS-602)   
1 20315U 89087A   12353.22071053  .00000046  00000-0  10000-3 0  6123
2 20315   9.7743  50.0585 0004203  50.2077 309.7748  0.99004171 82544
INTELSAT 603 (IS-603)   
1 20523U 90021A   12355.02291438  .00000062  00000-0  10000-3 0  1791
2 20523   9.2432  51.7991 0001116 187.1595 229.7793  1.00272732 76322
SBS-6                   
1 20872U 90091A   12353.05003145 -.00000235  00000-0  10000-3 0  6161
2 20872   4.8015  64.8832 0007581  11.1656 348.6469  0.98993689 69456
INTELSAT 605 (IS-605)   
1 21653U 91055A   12354.97524678 -.00000252  00000-0  10000-3 0  3482
2 21653   7.3912  57.6531 0000752  88.2022 271.7002  0.99328245 78033
INTELSAT 601 (IS-601)   
1 21765U 91075A   12354.66993157 -.00000065  00000-0  10000-3 0  4489
2 21765   7.3648  56.5138 0002208 225.6233 134.2573  0.99585176 77249
INTELSAT 701 (IS-701)   
1 22871U 93066A   12352.60397227 -.00000146  00000-0  10000-3 0   495
2 22871   0.8937  77.3841 0003558 176.3594 207.3034  1.00270676 70033
INTELSAT 702 (IS-702)   
1 23124U 94034A   12354.25401211  .00000150  00000-0  10000-3 0  8598
2 23124   1.2513  76.4641 0002274 195.5093 300.7100  1.00272026 81966
INTELSAT 2 (IS-2)       
1 23175U 94040A   12354.00699331 -.00000242  00000-0  00000+0 0  2150
2 23175   3.5478  71.3166 0003948 292.6977  66.9639  0.99196457 66806
INTELSAT 704 (IS-704)   
1 23461U 95001A   12353.98315553 -.00000226  00000-0  10000-3 0  5603
2 23461   3.1588  68.4454 0002210  73.3280 286.3697  0.99184018 65600
INTELSAT 705 (IS-705)   
1 23528U 95013A   12354.02930458 -.00000242  00000-0  00000+0 0  5189
2 23528   2.7311  69.6588 0018158 348.9555  10.6177  0.98975722 64832
INTELSAT 706 (IS-706)   
1 23571U 95023A   12353.90665998 -.00000280  00000-0  10000-3 0  6669
2 23571   1.1819  76.0746 0004820 167.3120 309.0027  1.00391891 64412
INTELSAT 3R (IS-3R)     
1 23764U 96002A   12354.42813961 -.00000122  00000-0  10000-3 0  3431
2 23764   2.9122  68.6428 0012103 161.4609 198.2207  0.99089635 61979
PAKSAT 1 (ANATOLIA 1)   
1 23779U 96006A   12353.98097798 -.00000141  00000-0  10000-3 0  8798
2 23779   0.9397  78.0082 0006249  57.3729 224.6666  0.99589683 61755
INTELSAT 707 (IS-707)   
1 23816U 96015A   12355.17645986 -.00000288  00000-0  00000+0 0  5302
2 23816   0.1407  72.8295 0003647 194.8801 191.9648  1.00269914 61432
GALAXY 9 (G-9)          
1 23877U 96033A   12354.97128971 -.00000201  00000-0  10000-3 0  6554
2 23877   3.8173  66.6891 0009433  35.7047 324.0950  0.99544769 60655
INTELSAT 709 (IS-709)   
1 23915U 96035A   12353.93005035  .00000121  00000-0  10000-3 0  6863
2 23915   0.5862  79.2294 0002465 179.3717 211.6327  1.00272046 60503
INTELSAT 26 (IS-26)     
1 24732U 97007A   12354.80580565  .00000105  00000-0  10000-3 0  3098
2 24732   4.5006  64.4973 0003189 204.6836 159.9725  1.00273303 57928
INTELSAT 801 (IS-801)   
1 24742U 97009A   12354.39460565 -.00000221  00000-0  10000-3 0  2305
2 24742   3.7292  67.0859 0003917 212.4001 281.4646  1.00271327 57926
GALAXY 25 (G-25)        
1 24812U 97026A   12353.39008800 -.00000169  00000-0  00000+0 0  5388
2 24812   0.0131  17.2827 0002657 244.9625 232.4945  1.00270584 57045
INTELSAT 802 (IS-802)   
1 24846U 97031A   12353.51297393 -.00000205  00000-0  10000-3 0  4994
2 24846   1.7255  72.0486 0027055 177.0542 182.2997  0.98110929 56589
INTELSAT 5 (IS-5)       
1 24916U 97046A   12353.77495788 -.00000251  00000-0  10000-3 0  4344
2 24916   0.1966  79.0554 0003566 177.1749 258.1123  1.00143118 56217
INTELSAT 805 (IS-805)   
1 25371U 98037A   12354.22988124 -.00000290  00000-0  10000-3 0   320
2 25371   0.0061  14.2542 0002721 242.0501 219.1840  1.00269907 53154
INTELSAT 7 (IS-7)       
1 25473U 98052A   12354.71018773 -.00000030  00000-0  10000-3 0  5190
2 25473   0.0323  53.6164 0002949 200.4226 158.9816  1.00272549 52247
INTELSAT 8 (IS-8)       
1 25522U 98065A   12354.58674362 -.00000035  00000-0  10000-3 0  2985
2 25522   0.0369 261.2676 0002952 359.4939 208.0346  1.00271610 51812
GALAXY 26 (G-26)        
1 25626U 99005A   12354.80579802  .00000111  00000-0  10000-3 0  1065
2 25626   0.0158 288.0666 0002677 330.6068 170.2038  1.00272723 50731
INSAT-2E (APR-1)        
1 25666U 99016A   12354.56333045 -.00000332  00000-0  10000-3 0  1944
2 25666   2.0861  72.3530 0006518 131.7708 227.7641  0.99661021 50324
GALAXY 27 (G-27)        
1 25922U 99052A   12353.80949484  .00000130  00000-0  10000-3 0  1524
2 25922   0.0096 338.4714 0002146 303.1470 142.7083  1.00273236 48470
GALAXY 11 (G-11)        
1 26038U 99071A   12354.22988124 -.00000290  00000-0  10000-3 0  5022
2 26038   0.0428 188.3826 0001495 326.4933 320.5473  1.00272554 47696
GALAXY 4R (G-4R)        
1 26298U 00020A   12353.03311576 -.00000282  00000-0  10000-3 0  2731
2 26298   5.6557  61.4694 0003022  82.7097 277.1685  0.99840382 46455
INTELSAT 9 (IS-9)       
1 26451U 00043A   12354.32640571 -.00000282  00000-0  10000-3 0  9265
2 26451   0.1825  80.7920 0001919 183.2923 252.8741  1.00357581 45435
INTELSAT 12 (IS-12)     
1 26590U 00068A   12353.80948722  .00000131  00000-0  10000-3 0  9405
2 26590   0.0118  20.5481 0002804 250.4778 153.1974  1.00273324 44494
INTELSAT 1R (IS-1R)     
1 26608U 00072A   12353.39126066 -.00000289  00000-0  10000-3 0  5718
2 26608   0.0299 172.6780 0000178 231.9638 133.6015  1.00270639 44334
INTELSAT 10 (IS-10)     
1 26766U 01019A   12354.18348134  .00000121  00000-0  10000-3 0  1478
2 26766   0.0537  48.3081 0001736 213.8193 301.5378  1.00178807 42513
INTELSAT 901 (IS-901)   
1 26824U 01024A   12353.06947861 -.00000148  00000-0  10000-3 0  9778
2 26824   0.0156   4.9233 0002638 262.3352 186.8194  1.00270480 42251
INTELSAT 902 (IS-902)   
1 26900U 01039A   12354.11256605  .00000028  00000-0  10000-3 0    75
2 26900   0.0160   7.4332 0002651 266.6100 276.5817  1.00271974 41439
INTELSAT 904 (IS-904)   
1 27380U 02007A   12353.80990648  .00000043  00000-0  10000-3 0   483
2 27380   0.0196 327.7817 0002876 296.5686 175.0193  1.00271796 39683
INTELSAT 903 (IS-903)   
1 27403U 02016A   12354.21004080 -.00000243  00000-0  10000-3 0  7638
2 27403   0.0080 356.6153 0002899 269.0269 223.6743  1.00270216 39342
INTELSAT 905 (IS-905)   
1 27438U 02027A   12353.13389411 -.00000191  00000-0  00000+0 0  5963
2 27438   0.0062 297.3802 0002263 321.0142 212.4432  1.00270453 38653
GALAXY 3C (G-3C)        
1 27445U 02030A   12355.38231766 -.00000153  00000-0  10000-3 0  7070
2 27445   0.0210 171.1169 0000537 348.3262 332.4669  1.00270055 38550
INTELSAT 906 (IS-906)   
1 27513U 02041A   12353.87792542  .00000009  00000-0  10000-3 0  7871
2 27513   0.0145 326.7314 0002742 305.2630 196.0801  1.00272543 37717
INTELSAT 907 (IS-907)   
1 27683U 03007A   12353.13439633 -.00000210  00000-0  10000-3 0  3589
2 27683   0.0097 340.9113 0003116 288.7849 198.3137  1.00269894 36068
GALAXY 12 (G-12)        
1 27715U 03013B   12353.63980427  .00000053  00000-0  10000-3 0  6317
2 27715   0.0118 282.9207 0002004 330.5763 295.4764  1.00271980 35583
GALAXY 23 (G-23)        
1 27854U 03034A   12353.53791836  .00000007  00000-0  10000-3 0  6204
2 27854   0.0132 354.8160 0003089 273.4952 251.8933  1.00272036 34349
GALAXY 13 (HORIZONS-1)  
1 27954U 03044A   12354.59650742  .00000044  00000-0  00000+0 0  4869
2 27954   0.0224   6.0001 0000839 102.9815  67.3115  1.00271275 33835
INTELSAT 10-02          
1 28358U 04022A   12354.90890309 -.00000014  00000-0  10000-3 0  4396
2 28358   0.0125 127.9287 0000092 100.8448 186.3373  1.00271342 31227
GALAXY 28 (G-28)        
1 28702U 05022A   12354.51622666 -.00000190  00000-0  10000-3 0  3828
2 28702   0.0248  52.5476 0002701 104.9043  27.9049  1.00271951 27483
GALAXY 14 (G-14)        
1 28790U 05030A   12352.55615740  .00000028  00000-0  10000-3 0  4292
2 28790   0.0213 359.3115 0002258 248.2664 274.2465  1.00274320 26872
GALAXY 15 (G-15)        
1 28884U 05041A   12353.63859934  .00000073  00000-0  10000-3 0  4215
2 28884   0.0165 303.2180 0000764 282.2768 319.0373  1.00271616 26315
GALAXY 16 (G-16)        
1 29236U 06023A   12353.44651286 -.00000133  00000-0  10000-3 0  3494
2 29236   0.0012   1.5328 0003150 241.9496 265.7053  1.00271182 23847
GALAXY 17 (G-17)        
1 31307U 07016B   12355.18107917 -.00000177  00000-0  00000+0 0   545
2 31307   0.0077  31.0486 0003378 236.1227 156.1645  1.00270129 20671
INTELSAT 11 (IS-11)     
1 32253U 07044B   12354.39150920 -.00000273  00000-0  10000-3 0  7843
2 32253   0.0210 265.9487 0002679  11.2598 269.1030  1.00269652 19115
HORIZONS-2              
1 32388U 07063B   12353.10000000 -.00000190  00000-0  00000+0 0  9052
2 32388   0.0180  37.0420 0002724 244.2130 286.7160  1.00272884 18452
GALAXY 18 (G-18)        
1 32951U 08024A   12353.38929522  .00000019  00000-0  10000-3 0  7293
2 32951   0.0078 236.8065 0002741  26.2892 201.4297  1.00271492 16794
INTELSAT 25 (IS-25)     
1 33153U 08034A   12353.29884704 -.00000231  00000-0  10000-3 0  7715
2 33153   0.0208 355.6488 0002127 249.6969 278.0301  1.00270006 16322
INTELSAT 14 (IS-14)     
1 36097U 09064A   12353.14138618 -.00000281  00000-0  10000-3 0  4755
2 36097   0.0180 314.3816 0001456 313.3545 185.3016  1.00270387 11286
INTELSAT 15 (IS-15)     
1 36106U 09067A   12353.10000000 -.00000192  00000-0  00000+0 0  6723
2 36106   0.0170  22.1340 0002192 246.8170 299.2980  1.00271969 11174
INTELSAT 16 (IS-16)     
1 36397U 10006A   12353.43402826 -.00000291  00000-0  10000-3 0  5777
2 36397   0.0218  33.5354 0002049 219.2931 292.7649  1.00271400 10427
INTELSAT 17 (IS-17)     
1 37238U 10065B   12352.86389472 -.00000009  00000-0  10000-3 0  3735
2 37238   0.0140  27.1818 0002466 242.4223 194.2645  1.00271550  7609
INTELSAT NEW DAWN       
1 37392U 11016A   12354.67936593  .00000152  00000-0  10000-3 0  3598
2 37392   0.0154  50.3865 0000908  50.4094 265.2497  1.00273235  6130
INTELSAT 18 (IS-18)     
1 37834U 11056A   12354.56103088  .00000048  00000-0  10000-3 0  2511
2 37834   0.0094 319.4024 0000504 271.4276 239.6908  1.00270028  4552
INTELSAT 22 (IS-22)     
1 38098U 12011A   12352.99285528 -.00000066  00000-0  10000-3 0  1465
2 38098   0.0233  28.6654 0002238 219.0185 268.8532  1.00271348  2721
INTELSAT 19 (IS-19)     
1 38356U 12030A   12354.62213176 -.00000061  00000-0  10000-3 0  1381
2 38356   0.0159 345.0125 0002143 300.8730 192.6900  1.00271126  2136
INTELSAT 20 (IS-20)     
1 38740U 12043A   12353.59630124 -.00000032  00000-0  10000-3 0  1134
2 38740   0.0333  15.4761 0001951 325.1149  30.2145  1.00273508  1415
INTELSAT 21 (IS-21)     
1 38749U 12045A   12353.43393965 -.00000291  00000-0  10000-3 0   964
2 38749   0.0169  15.0938 0000854 236.7113 293.8456  1.00270218  1273
INTELSAT 23 (IS-23)     
1 38867U 12057A   12355.11318021 -.00000288  00000-0  10000-3 0   488
2 38867   0.0223 355.5296 0001237  47.9656  33.3182  1.00268872   718
