RADCAL                  
1 22698U 93041A   12354.44667139  .00000480  00000-0  19829-3 0  4011
2 22698  89.5395 320.5222 0092164  93.2094 267.9641 14.22999673 11462
STRV 1A                 
1 23125U 94034B   12353.50859407  .00002313  00000-0  74308-3 0   945
2 23125   7.2363  94.5654 6758497 254.1783  26.6662  2.95180925176569
STRV 1B                 
1 23126U 94034C   12340.35951040  .00013642  00000-0  13550-2 0  1221
2 23126   7.4530  28.9891 6718444  26.6302 356.0985  3.04269130179264
REX 2                   
1 23814U 96014A   12355.21002488  .00000128  00000-0  50552-4 0  7427
2 23814  90.1423 294.5980 0024799  77.3254 283.0712 14.24076142871982
COSMOS 2346             
1 24953U 97052A   12354.77378751  .00000052  00000-0  35298-4 0  6250
2 24953  82.9217  76.4509 0040714 129.0733 231.4059 13.79486330767318
ARGOS                   
1 25634U 99008A   12353.77491039  .00000157  00000-0  96298-4 0  7630
2 25634  98.8321  54.3447 0009404 247.8163 112.2001 14.19051087715655
HELIOS 1B               
1 25977U 99064A   12355.23736560  .00000810  00000-0  11731-3 0  8204
2 25977  98.2332  50.9855 0001301 136.1440 223.9874 14.78910377701319
MTI                     
1 26102U 00014A   12355.38396146  .00004565  00000-0  22672-3 0  5675
2 26102  97.3816 121.3802 0017335 345.7685  78.3315 15.18042445703350
STRV 1C                 
1 26610U 00072C   12348.18042338 -.00000229  00000-0  10000-3 0  4400
2 26610   6.3175 219.3327 7336038 182.1005 171.0810  2.03469436 89780
MIDSTAR-1               
1 30773U 07006B   12354.61598440  .00003898  00000-0  14661-3 0  6553
2 30773  46.0726 354.8013 0008717 291.6343  68.3628 15.29054326322403
CFESAT                  
1 30777U 07006F   12354.92676060  .00003907  00000-0  24731-3 0  5252
2 30777  35.4313 231.2275 0002755 184.5207 175.5488 15.08588193318203
NFIRE                   
1 31140U 07014A   12354.80954889  .00018735  00000-0  27184-3 0  9851
2 31140  48.2233 220.9105 0004573 311.6730  48.3820 15.55743541321160
SPIRALE A               
1 33751U 09008C   12354.33737583  .00228585 -15153-6  17342-2 0   745
2 33751   2.1479 333.4214 6164480  98.5968 330.7971  3.90400356 36681
SPIRALE B               
1 33752U 09008D   12354.43628458  .00006018  00000-0  15264-2 0  9414
2 33752   2.0217  68.4378 7166220 254.9435  21.4103  2.42743203 32515
