COSMOS 2361             
1 25590U 98076A   12354.82714817  .00000071  00000-0  60171-4 0  1577
2 25590  82.9337 248.1678 0032589 120.9060 239.5306 13.72793842700861
COSMOS 2378             
1 26818U 01023A   12354.87089279  .00000072  00000-0  60620-4 0  2334
2 26818  82.9281 272.6003 0034753  83.9005 276.6114 13.73800485578303
COSMOS 2389             
1 27436U 02026A   12354.57244964  .00000072  00000-0  59232-4 0  8935
2 27436  82.9491 214.8611 0046152 329.5181  30.3300 13.74798464530030
COSMOS 2398             
1 27818U 03023A   12355.01357522  .00000036  00000-0  23277-4 0  8033
2 27818  82.9451 164.9267 0030555 318.5560  41.3272 13.72025525478019
COSMOS 2407             
1 28380U 04028A   12354.44354741  .00000033  00000-0  18031-4 0  6486
2 28380  82.9589 122.7210 0039333 352.4145   7.6411 13.75915846422370
COSMOS 2414             
1 28521U 05002A   12355.45314887  .00000060  00000-0  37642-4 0  5911
2 28521  82.9467 168.1789 0040000 334.2854  25.6328 13.87434736400892
COSMOS 2429             
1 32052U 07038A   12355.18972547  .00000048  00000-0  34554-4 0  5015
2 32052  82.9795 235.7959 0037541 312.3917  47.4058 13.74763390264700
COSMOS 2454             
1 35635U 09039A   12355.01067850  .00000046  00000-0  25114-4 0  2075
2 35635  82.9534 161.3256 0018555 316.8860  43.0850 13.89463158173273
COSMOS 2463             
1 36519U 10017A   12354.26922631  .00000119  00000-0  11503-3 0  3256
2 36519  82.9602 269.1693 0037584 118.5536 241.9407 13.71302499132568
