TRANSIT 16              
1 02807U 67048A   12353.88097012  .00000074  00000-0  10000-3 0  8636
2 02807  89.6744 161.8714 0021001 135.1905 225.0949 13.49877378243381
TRANSIT 17              
1 02965U 67092A   12353.55475379  .00000078  00000-0  10000-3 0   850
2 02965  89.2467  24.8214 0047051 319.5313  40.2343 13.52594808230188
TRANSIT 18              
1 03133U 68012A   12354.39112008  .00000075  00000-0  10000-3 0  3222
2 03133  89.9598 282.4369 0073048 217.1903 142.4178 13.50697045205496
NNSS 19                 
1 04507U 70067A   12354.88107190  .00000127  00000-0  16836-3 0   151
2 04507  89.8283 291.6580 0172915 337.8517  21.5222 13.50331019 82635
NNSS O-20               
1 06909U 73081A   12354.93227352  .00000121  00000-0  11655-3 0  4889
2 06909  89.8529 339.4835 0156025 234.4367 124.2169 13.70007948154532
TRANSAT                 
1 10457U 77106A   12354.19077541  .00000072  00000-0  10000-3 0  4771
2 10457  89.7375 211.2949 0025064 176.1287 184.0062 13.48376282728580
NOVA I                  
1 12458U 81044A   12354.30928421  .00000050  00000-0  10000-3 0  7796
2 12458  90.0242 123.0449 0013539 209.4505 150.5879 13.22802580525208
NOVA 3                  
1 15362U 84110A   12353.28746981  .00000051  00000-0  10000-3 0  5378
2 15362  90.0131  50.3864 0033879  77.6454 282.8469 13.22572742360308
OSCAR 30                
1 15935U 85066A   12354.93072228  .00000083  00000-0  13225-3 0  1096
2 15935  90.0912  32.1051 0170176 132.5720 228.9927 13.35393335331756
OSCAR 24                
1 15936U 85066B   12354.53488846  .00000122  00000-0  20289-3 0  7458
2 15936  90.0779  27.8197 0171192 137.3179 224.1414 13.35282870333819
POLAR BEAR              
1 17070U 86088A   12354.72119326  .00000114  00000-0  10832-3 0  8971
2 17070  89.5301  46.1949 0039960  12.4838 347.7308 13.74484754308661
OSCAR 27                
1 18361U 87080A   12354.24356975  .00000069  00000-0  10000-3 0   808
2 18361  90.3633 278.4362 0106663 115.1245 246.1017 13.44204960238713
OSCAR 29                
1 18362U 87080B   12354.87704593  .00000069  00000-0  10000-3 0  3387
2 18362  90.3637 278.6366 0107880 126.4744 234.6402 13.43819858238521
OSCAR 23                
1 19070U 88033A   12354.69441627  .00000058  00000-0  10000-3 0  5424
2 19070  90.3027 219.4579 0190854  40.0353 321.4668 13.27222005193815
OSCAR 32                
1 19071U 88033B   12355.17019880  .00000058  00000-0  10000-3 0  9166
2 19071  90.3051 219.5550 0189418  29.5640 331.6049 13.27415399194062
NOVA 11                 
1 19223U 88052A   12353.36001489  .00000051  00000-0  10000-3 0   862
2 19223  89.9898  91.3790 0031908 117.6588 242.7789 13.22502316182843
OSCAR 25                
1 19419U 88074A   12354.54883015  .00000068  00000-0  10000-3 0  3251
2 19419  89.9540  23.5035 0098614  84.6448 276.5941 13.41941713190672
OSCAR 31                
1 19420U 88074B   12354.53165410  .00000068  00000-0  10000-3 0  9991
2 19420  89.9542  23.4578 0096773  79.1696 282.0325 13.41978957190774
