SIRIUS-1                
1 26390U 00035A   12352.62313286 -.00000024  00000-0  00000+0 0  1125
2 26390  60.4032 245.0687 2722901 270.6145  58.8015  1.00278439 45670
SIRIUS-2                
1 26483U 00051A   12354.28137174  .00000066  00000-0  10000-3 0  7496
2 26483  64.0117 124.8187 2695232 269.4072  59.9868  1.00278800 45026
SIRIUS-3                
1 26626U 00077A   12352.95150737 -.00000156  00000-0  10000-3 0   398
2 26626  64.3507   4.8578 2689214 269.5957  59.8418  1.00274689 44141
XM-2 (ROCK)             
1 26724U 01012A   12355.38178405 -.00000025  00000-0  10000-3 0  3959
2 26724   0.0796 274.8125 0002946  49.3750 147.3724  1.00272091 43156
XM-1 (ROLL)             
1 26761U 01018A   12354.46673095 -.00000027  00000-0  10000-3 0  2321
2 26761   0.0841 230.8684 0004004 346.2949 284.0569  1.00271518 42615
XM-3 (RHYTHM)           
1 28626U 05008A   12353.44707667 -.00000212  00000-0  10000-3 0  2940
2 28626   0.0126 123.2963 0001251  29.5256  10.4724  1.00268954 28642
XM-4 (BLUES)            
1 29520U 06049A   12353.38949341 -.00000029  00000-0  10000-3 0  9774
2 29520   0.0214 167.7357 0000337 117.6566 186.9579  1.00271090 22580
