CALSPHERE 1             
1 00900U 64063C   12354.76885907  .00000512  00000-0  55849-3 0  8747
2 00900  90.1392 347.1326 0028014   1.0322 359.0879 13.71366313395040
CALSPHERE 2             
1 00902U 64063E   12354.07827291  .00000075  00000-0  10000-3 0  7568
2 00902  90.1389 349.6238 0019077 126.1972 234.0947 13.52533897190500
LCS 1                   
1 01361U 65034C   12352.46775617  .00000009  00000-0  10000-3 0  4139
2 01361  32.1445   1.7418 0004893 285.4191  74.5766  9.89283333722045
TEMPSAT 1               
1 01512U 65065E   12355.18520914  .00000060  00000-0  10000-3 0  8132
2 01512  89.7874 274.5583 0071750  42.7042 317.9643 13.33311612303459
CALSPHERE 4(A)          
1 01520U 65065H   12355.25103489  .00000059  00000-0  10000-3 0  9873
2 01520  90.1471 104.3710 0069085 315.7743  43.7895 13.35474070305352
OPS 5712 (P/L 160)      
1 02826U 67053A   12354.49640409  .00001671  00000-0  53485-3 0  7845
2 02826  69.9333  97.2143 0006845 212.1400 147.9313 14.41267199351654
OPS 5712 (P/L 153)      
1 02874U 67053H   12354.86974986  .00000024  00000-0  56568-4 0  2807
2 02874  69.9717 228.6520 0005622 126.1805 233.9821 13.96056932319415
SURCAL 150B             
1 02909U 67053J   12354.51716121  .00002104  00000-0  55313-3 0  9841
2 02909  69.9532 234.0437 0006563 277.4807  82.5587 14.50462279358432
RIGIDSPHERE 2 (LCS 4)   
1 05398U 71067E   12354.38880451  .00000659  00000-0  23426-3 0  6647
2 05398  87.6230 257.8368 0063140 288.8518  70.5843 14.31977793167840
