LANDSAT 5               
1 14780U 84021A   12355.03872101  .00000204  00000-0  55018-4 0  5954
2 14780  98.1240  56.1801 0003734  69.5953 290.5646 14.57164478532055
SPOT 2                  
1 20436U 90005A   12355.14787661  .00000436  00000-0  82460-4 0   544
2 20436  98.7035 138.9099 0151155 300.2890  58.3427 14.63298718192895
SCD 1                   
1 22490U 93009B   12354.00804954  .00000335  00000-0  43493-4 0   239
2 22490  24.9675 326.1146 0043089 297.4090  62.2055 14.43801522 48103
ERS-2                   
1 23560U 95021A   12354.90476991  .00004646  00000-0  33387-3 0  5277
2 23560  98.5260 123.7455 0004580  58.9144 301.2529 15.04842065927288
RADARSAT-1              
1 23710U 95059A   12355.17161878  .00000145  00000-0  73015-4 0  2001
2 23710  98.5814 358.9706 0001080  97.1460  34.3471 14.29987411894025
TOMS EP                 
1 23940U 96037A   12353.57232619  .00000534  00000-0  13889-3 0  1280
2 23940  97.9118 175.1073 0029217 347.5234  12.5245 14.53058845875291
MIDORI (ADEOS)          
1 24277U 96046A   12355.22117140  .00000093  00000-0  53782-4 0  1084
2 24277  98.5333 295.3037 0001998  81.5566 278.5846 14.28841150851987
ORBVIEW 2 (SEASTAR)     
1 24883U 97037A   12355.22738107  .00000243  00000-0  10546-3 0  9142
2 24883  98.4349 108.6195 0001564 299.6664  60.4368 14.32562388817030
IRS-1D                  
1 24971U 97057A   12355.12960129  .00000109  00000-0  53247-4 0  2670
2 24971  98.2124 338.7927 0054937  67.3568 293.3417 14.33257721796436
TRMM                    
1 25063U 97074A   12354.83680391  .00018916  00000-0  26586-3 0  1948
2 25063  34.9610 141.0786 0000701 272.7363  87.3270 15.55733892859856
SPOT 4                  
1 25260U 98017A   12355.13131070 -.00000253  00000-0 -99060-4 0   915
2 25260  98.5396  50.4875 0001601 109.8510 250.3067 14.20107760764275
FASAT B                 
1 25395U 98043B   12354.98327700  .00000066  00000-0  46077-4 0  5096
2 25395  98.3412 332.7444 0003733  52.3627 307.7887 14.24608817750925
TECHSAT 1B (GO-32)      
1 25397U 98043D   12355.05896818 -.00000081  00000-0 -17603-4 0  9533
2 25397  98.3886 324.8545 0002094  90.2536 269.8870 14.23312149750463
SCD 2                   
1 25504U 98060A   12354.56167800  .00000453  00000-0  79385-4 0  3359
2 25504  24.9927 156.1269 0017263   1.1835 358.8735 14.43420591747592
LANDSAT 7               
1 25682U 99020A   12355.08697470  .00000255  00000-0  66623-4 0  7335
2 25682  98.2162  61.1749 0000616  42.5171 317.6073 14.57105547727758
KITSAT 3                
1 25756U 99029A   12354.24785757  .00000265  00000-0  75726-4 0  9987
2 25756  98.5177 234.4244 0013244 227.2674 132.7407 14.52899725719149
DLR-TUBSAT              
1 25757U 99029B   12355.09083179  .00000073  00000-0  30404-4 0  6585
2 25757  98.5622 228.0935 0013390 269.6208  90.3463 14.51010861718590
IRS-P4 (OCEANSAT 1)     
1 25758U 99029C   12354.27909070  .00000334  00000-0  94958-4 0  2324
2 25758  98.2511  82.1244 0001066 285.2904  74.8174 14.51273568718637
QUIKSCAT                
1 25789U 99034A   12353.63972883  .00000043  00000-0  35503-4 0  4820
2 25789  98.6164 180.1070 0001311 102.5765 257.5566 14.26973400703053
IKONOS 2                
1 25919U 99051A   12355.27418690  .00000350  00000-0  75044-4 0  4697
2 25919  98.1087  66.9779 0001415  86.1014 274.0347 14.64441912707700
CBERS 1 (ZY 1A)         
1 25940U 99057A   12354.90070190  .00000106  00000-0  52276-4 0  3572
2 25940  98.2906 312.0475 0004541 201.1392 158.9607 14.34746939690573
TERRA                   
1 25994U 99068A   12355.10163913  .00000048  00000-0  20789-4 0  6765
2 25994  98.2148  66.5520 0001180 103.8853 256.2429 14.57117336691830
ARIRANG 1 (KOMPSAT-1)   
1 26032U 99070A   12355.08780211  .00000632  00000-0  12177-3 0  6002
2 26032  97.7604 192.3380 0006003 115.6360 244.5452 14.66589886695293
EO-1                    
1 26619U 00075A   12355.12989467  .00001413  00000-0  28569-3 0   261
2 26619  98.0567  55.9108 0008907 243.4664 116.5687 14.62820201643612
SAC-C                   
1 26620U 00075B   12354.87488439  .00000441  00000-0  10739-3 0  7860
2 26620  97.9101 334.0562 0000960  62.8588 297.2716 14.57068275642269
EROS A1                 
1 26631U 00079A   12355.05808081  .00005984  00000-0  37742-3 0  8328
2 26631  97.6344  64.0296 0010840 300.4943 179.7554 15.09449414668443
QUICKBIRD 2             
1 26953U 01047A   12355.25270346  .00010785  00000-0  27846-3 0  1692
2 26953  97.1980  56.2880 0000987  87.9397 357.3390 15.39311951627516
TES                     
1 26957U 01049A   12355.08933860  .00002827  00000-0  22056-3 0  1254
2 26957  97.7516  69.9451 0049339 193.5098 166.4814 15.01038885611493
JASON 1                 
1 26997U 01055A   12353.34706765 -.00000038  00000-0  10000-3 0  5932
2 26997  66.0414 288.9503 0006302 274.1012  85.9292 12.83921839516079
METEOR-3M               
1 27001U 01056A   12354.53339475 -.00000041  00000-0  63307-6 0  2350
2 27001  99.1990 167.2524 0013273 303.0415  56.9455 13.68744022550807
BADR-B                  
1 27003U 01056C   12354.25552099 -.00000027  00000-0  17315-4 0  2451
2 27003  99.1535 172.7901 0019770 295.2124  64.6974 13.70144684551388
MAROC-TUBSAT            
1 27004U 01056D   12355.18263847  .00000024  00000-0  74373-4 0   243
2 27004  99.1550 172.7844 0019495 294.5353  65.3761 13.70061584551471
SPOT 5                  
1 27421U 02021A   12355.20376507 -.00000018  00000-0  11760-4 0    98
2 27421  98.6342  62.4767 0000836 102.6173 334.0253 14.20066299551111
AQUA                    
1 27424U 02022A   12354.09133262  .00001971  00000-0  44758-3 0  5294
2 27424  98.2171 291.9090 0001489  86.4889 273.6560 14.57100772565294
HAIYANG-1A              
1 27430U 02024A   12355.25453544  .00000185  00000-0  87637-4 0  1106
2 27430  98.3033  30.3601 0007994 250.6682 109.3636 14.30116665553289
ALSAT 1                 
1 27559U 02054A   12354.59645990  .00000611  00000-0  10894-3 0  6733
2 27559  97.7745 195.9273 0022268 220.2588 139.6971 14.70140889537926
MIDORI II (ADEOS-II)    
1 27597U 02056A   12355.16782953  .00000148  00000-0  78487-4 0  9014
2 27597  98.3063  20.9193 0001667  93.0431 267.0940 14.26498725521537
IRS-P6 (RESOURCESAT-1)  
1 28051U 03046A   12355.45671880  .00000130  00000-0  79395-4 0  5913
2 28051  98.7761  67.3594 0004248  42.7061 317.4447 14.21597629476304
CBERS 2 (ZY 1B)         
1 28057U 03049A   12355.08975726  .00000058  00000-0  34424-4 0   409
2 28057  98.1571 359.1174 0001908  81.3990 278.7414 14.35027794480246
TANSUO 1 (TS 1)         
1 28220U 04012A   12354.55268774  .00001488  00000-0  15418-3 0  3829
2 28220  97.4785 334.6926 0009975 248.5451 111.4704 14.91395725471150
FORMOSAT-2 (ROCSAT 2)   
1 28254U 04018A   12355.20619167 -.00000004  00000-0  26329-4 0  6361
2 28254  98.9430  55.0383 0001276  96.4165 336.1632 14.00785377439009
AURA                    
1 28376U 04026A   12354.44002936  .00000688  00000-0  16262-3 0  6664
2 28376  98.2172 294.4359 0001211  75.4949 284.6383 14.57123190448391
PARASOL                 
1 28498U 04049G   12354.46650569  .00000581  00000-0  13109-3 0  5193
2 28498  98.4387 319.3338 0001422  97.6061 262.5303 14.60081384425883
IRS-P5 (CARTOSAT-1)     
1 28649U 05017A   12355.13334907  .00000976  00000-0  12528-3 0  5874
2 28649  97.8918  66.4906 0000406  51.6878 308.4393 14.83443954412832
TOPSAT                  
1 28891U 05043B   12355.43600707  .00000273  00000-0  65675-4 0  9718
2 28891  97.8740 210.1133 0015865 286.9310  73.0156 14.60236662380953
SINAH 1                 
1 28893U 05043D   12355.16680819  .00000215  00000-0  53413-4 0  5632
2 28893  97.8826 212.2570 0014524 286.4156  73.5446 14.60460510380994
ALOS (DAICHI)           
1 28931U 06002A   12355.09782024  .00000756  00000-0  16621-3 0  6960
2 28931  98.0557  59.2798 0002225  88.9657 271.1813 14.60193582367900
EROS B                  
1 29079U 06014A   12355.25695330  .00007990  00000-0  39043-3 0  4843
2 29079  97.4423 110.3956 0004742 206.6689 232.7771 15.18500625369119
RSS-1 (YAOGAN 1)        
1 29092U 06015A   12354.56762310  .00000535  00000-0  75680-4 0  2883
2 29092  97.9400 342.5428 0001359  78.0989 282.0374 14.81073518359360
RESURS-DK 1             
1 29228U 06021A   12355.06796122  .00000702  00000-0  64479-4 0  3077
2 29228  69.9373 304.0969 0006177 314.7142  45.3503 14.99717189361978
ARIRANG 2 (KOMPSAT-2)   
1 29268U 06031A   12355.12494391  .00000524  00000-0  11406-3 0  1051
2 29268  98.2413 245.9685 0016281 118.1101 242.1756 14.61967013341357
LAPAN-TUBSAT            
1 29709U 07001A   12355.09411673  .00000265  00000-0  40749-4 0  6079
2 29709  97.6441  17.9155 0014613  65.0803 295.1935 14.80808981321147
CARTOSAT-2 (IRS-P7)     
1 29710U 07001B   12355.15277862  .00000766  00000-0  11135-3 0  5800
2 29710  97.8824  50.9526 0001690  86.6057 273.5352 14.78725222320837
HAIYANG-1B              
1 31113U 07010A   12355.12071344  .00000166  00000-0  80734-4 0  3325
2 31113  98.3858  48.5640 0013903 250.9417 109.0280 14.29790488297092
COSMO-SKYMED 1          
1 31598U 07023A   12355.07739770 -.00000260  00000-0 -26067-4 0  1564
2 31598  97.8678 177.1822 0001188  89.6361 270.4935 14.82167549299504
TERRASAR-X              
1 31698U 07026A   12355.20261424  .00000377  00000-0  21156-4 0  6352
2 31698  97.4418 359.2823 0001357  84.9280  45.3314 15.19154339305897
WORLDVIEW-1 (WV-1)      
1 32060U 07041A   12355.25528083  .00004981  00000-0  20655-3 0  8747
2 32060  97.3376  67.7596 0002674 149.9697 282.8278 15.24326465292415
CBERS 2B                
1 32062U 07042A   12355.09459527  .00000170  00000-0  68354-4 0  4828
2 32062  98.3616  63.1410 0033191  81.2444 279.2502 14.38910115275726
YAOGAN 3                
1 32289U 07055A   12355.09583328  .00000723  00000-0  99963-4 0  6635
2 32289  97.8969 342.3085 0001029  66.6182 293.5130 14.81052289275973
COSMO-SKYMED 2          
1 32376U 07059A   12355.11118085  .00000288  00000-0  42667-4 0  5604
2 32376  97.8678 177.2161 0001220  85.5429 274.5881 14.82167657272251
RADARSAT-2              
1 32382U 07061A   12355.19538346  .00000086  00000-0  50244-4 0  5424
2 32382  98.5777 359.5561 0001038  93.0813 332.5781 14.29986246261912
CARTOSAT-2A             
1 32783U 08021A   12355.13199001  .00000639  00000-0  94054-4 0  1529
2 32783  97.8846  51.5570 0014165 217.8270 142.1974 14.78687456250779
IMS-1                   
1 32786U 08021D   12355.14974529  .00001090  00000-0  14943-3 0  6423
2 32786  97.7801  47.2660 0012981 182.2417 177.8754 14.80348536251011
JASON 2 (OSTM)          
1 33105U 08032A   12355.41482253 -.00000050  00000-0  46041-4 0  4866
2 33105  66.0439 287.6246 0007604 270.2913  89.7209 12.80930610210578
RAPIDEYE 2              
1 33312U 08040A   12355.12240824  .00000459  00000-0  67547-4 0  8151
2 33312  97.9147  81.1787 0010482 275.5321  84.4695 14.79969416232800
RAPIDEYE 5              
1 33313U 08040B   12355.08093899  .00000513  00000-0  74622-4 0  8035
2 33313  97.9104  80.2219 0019267 145.1670 215.0823 14.79951869232744
RAPIDEYE 1              
1 33314U 08040C   12355.13575024  .00000485  00000-0  70927-4 0  8545
2 33314  97.9132  81.2103 0022955 289.0583  70.8154 14.79964971232795
RAPIDEYE 3              
1 33315U 08040D   12355.10648965  .00000505  00000-0  73660-4 0  7840
2 33315  97.9088  80.1578 0011718 216.9518 143.0887 14.79965367232754
RAPIDEYE 4              
1 33316U 08040E   12355.09284041  .00000515  00000-0  74966-4 0  7829
2 33316  97.9081  79.9483 0013123 162.7535 197.4126 14.79959207232742
HJ-1A                   
1 33320U 08041A   12355.11384911  .00000909  00000-0  14325-3 0  7431
2 33320  97.8442  58.0523 0025965 266.0253  93.7988 14.74560636230888
HJ-1B                   
1 33321U 08041B   12355.15021306  .00000805  00000-0  12737-3 0  8006
2 33321  97.8472  58.3798 0035879 283.7244  75.9997 14.74549696230874
GEOEYE 1                
1 33331U 08042A   12355.10271458  .00000322  00000-0  69765-4 0  7599
2 33331  98.1116  65.6044 0009831  13.0483 347.0987 14.64428462229097
THEOS                   
1 33396U 08049A   12355.19234697 -.00000022  00000-0  10157-4 0  5564
2 33396  98.6743  58.7358 0000998  95.4496   0.0101 14.20062345218721
COSMO-SKYMED 3          
1 33412U 08054A   12355.09847506  .00000003  00000-0  69178-5 0  5888
2 33412  97.8678 177.2030 0001095  78.8163 281.3040 14.82170857224715
YAOGAN 4                
1 33446U 08061A   12355.14258993  .00000629  00000-0  10148-3 0  5015
2 33446  97.7660  51.1103 0016508 216.6495 143.3601 14.74587852218157
YAOGAN 5                
1 33456U 08064A   12355.26903193  .00014733  00000-0  36104-3 0  5001
2 33456  97.2375  64.3808 0009212 141.1213 290.1875 15.40791617224070
GOSAT (IBUKI)           
1 33492U 09002A   12355.11115341 -.00000363  00000-0 -55603-4 0    61
2 33492  98.0802 101.2934 0001821  90.7736 269.3618 14.67539702209284
YAOGAN 6                
1 34839U 09021A   12355.09416821  .00005303  00000-0  26313-3 0  1087
2 34839  97.3367  77.7761 0001592 119.7768 357.7454 15.18117329203160
RAZAKSAT                
1 35578U 09037A   12355.13825484  .00000901  00000-0  63098-4 0  7974
2 35578   8.9857 340.2862 0017058 280.7918  79.0485 14.65541360184346
DEIMOS-1                
1 35681U 09041A   12355.08721010  .00000333  00000-0  63827-4 0  7663
2 35681  98.0186 251.0296 0001132 107.8492 252.2842 14.69856253182049
OCEANSAT 2              
1 35931U 09051A   12354.68843020  .00006032  00000-0  15388-2 0  2342
2 35931  98.2791  87.4256 0002317 181.1103 179.0070 14.50882508171597
WORLDVIEW-2             
1 35946U 09055A   12355.14311134  .00000146  00000-0  63097-4 0  5570
2 35946  98.4677  71.9953 0000317  24.4092 335.7119 14.37688194167853
SMOS                    
1 36036U 09059A   12355.46018961 -.00000043  00000-0  00000+0 0  9663
2 36036  98.4391 179.4890 0000653  69.3842 290.7434 14.39771033164679
YAOGAN 7                
1 36110U 09069A   12355.40761420  .00000202  00000-0  37866-4 0  3717
2 36110  97.9885 125.8852 0025399 329.6642  30.3128 14.74606199163183
TANDEM-X                
1 36605U 10030A   12354.99559730  .00000054  00000-0  57397-5 0  2523
2 36605  97.4445 359.0804 0001632  91.9359 346.9062 15.19153510138601
CARTOSAT 2B             
1 36795U 10035A   12355.37757770  .00000239  00000-0  39624-4 0  7471
2 36795  97.8850  53.6362 0014733 295.6308  64.3383 14.78686935131857
YAOGAN 10               
1 36834U 10038A   12355.41437407  .00000479  00000-0  68445-4 0  6417
2 36834  97.8431 351.3396 0001628  57.8965 302.2409 14.80992168127777
COSMO-SKYMED 4          
1 37216U 10060A   12355.12806120  .00000633  00000-0  86029-4 0  3829
2 37216  97.8676 177.2333 0001207  84.5381 275.5926 14.82169944114807
SAC-D                   
1 37673U 11024A   12355.01782654 -.00000049  00000-0  00000+0 0  5015
2 37673  98.0098 359.0178 0001138  75.0543 285.0823 14.72333216 82169
RASAT                   
1 37791U 11044D   12355.14552750  .00000300  00000-0  67187-4 0  5275
2 37791  98.2171  73.1821 0021422 231.9696 127.9578 14.63545839 71786
MEGHA-TROPIQUES         
1 37838U 11058A   12355.03352875  .00000263  00000-0  00000+0 0  3100
2 37838  19.9766 322.7806 0010901  76.3865 283.7354 14.09693244 61408
SRMSAT                  
1 37841U 11058D   12354.26454615  .00000264  00000-0  00000+0 0  2967
2 37841  19.9718 325.4782 0011421  63.4779 296.6829 14.10189008 61344
YAOGAN 13               
1 37941U 11072A   12355.11994652  .00009337  00000-0  43682-3 0  1954
2 37941  97.3627 283.8342 0002385 123.3072   4.2902 15.19964639 58717
PLEIADES 1A             
1 38012U 11076F   12355.42272490  .00000818  00000-0  18573-3 0  1340
2 38012  98.1771  67.1499 0001267  83.8424 276.3016 14.58552365 53838
ZIYUAN 1-02C (ZY 1-02C) 
1 38038U 11079A   12355.41617929  .00000235  00000-0  97257-4 0  1126
2 38038  98.5212  68.3876 0000687  72.9998 287.1264 14.35358840 52260
ZIYUAN 3 (ZY 3)         
1 38046U 12001A   12355.10965700  .00005158  00000-0  23279-3 0   793
2 38046  97.4572  67.8135 0004027 110.4498 337.0796 15.21428248 52602
RISAT 1                 
1 38248U 12017A   12355.18113465  .00001794  00000-0  11772-3 0  7474
2 38248  97.5937 357.8497 0000352  61.1457  65.5408 15.08921400 35921
ARIRANG 3 (KOMPSAT-3)   
1 38338U 12025B   12355.16652803  .00000398  00000-0  89307-4 0  4314
2 38338  98.1492 291.7023 0012420  73.1942 287.0641 14.61659495 31629
SPOT 6                  
1 38755U 12047A   12355.16461415  .00000421  00000-0  10028-3 0  3766
2 38755  98.1899  59.4916 0000942  87.7647 272.3660 14.58558522 14873
