SARSAT 7 (NOAA 15)      
1 25338U 98030A   12355.18149034  .00000130  00000-0  74081-4 0  5351
2 25338  98.7082 340.5155 0009804 290.2593  69.7530 14.25159441759345
GOES 11                 
1 26352U 00022A   12354.97196026 -.00000013  00000-0  00000+0 0   363
2 26352   1.5548 108.3262 0003633  31.5714 327.8185  0.99042803 46213
SARSAT 8 (NOAA 16)      
1 26536U 00055A   12355.22692703 -.00000025  00000-0  11084-4 0   143
2 26536  99.0698  39.9944 0009764 281.2908  78.7161 14.12819377631305
GPS BIIR-07 (DASS)      
1 26690U 01004A   12354.77452299  .00000000  00000-0  10000-3 0  6922
2 26690  53.1852 226.3814 0137905 238.4605 120.2573  2.00554204 87139
GOES 12                 
1 26871U 01031A   12355.24423296 -.00000288  00000-0  10000-3 0  8584
2 26871   2.6679  71.0599 0002078 217.3238 189.2243  1.00269572 41860
SARSAT 9 (NOAA 17)      
1 27453U 02032A   12355.30184909  .00000272  00000-0  13483-3 0  9553
2 27453  98.3224  12.7985 0011235 335.5519  24.5125 14.24523110545259
MSG-1                   
1 27509U 02040B   12355.13554043  .00000058  00000-0  10000-3 0  1652
2 27509   1.7505  61.5254 0001326 147.6844 297.9135  1.00273382 37857
GPS BIIR-08 (DASS)      
1 27663U 03005A   12354.14930358 -.00000077  00000-0  10000-3 0  1227
2 27663  56.3241  48.8620 0066931 359.8967   0.1518  2.00578716 72478
INSAT 3A                
1 27714U 03013A   12354.99410748 -.00000261  00000-0  10000-3 0  4501
2 27714   0.0667 257.9569 0006119  12.0483 270.3431  1.00270460 35558
GPS BIIR-11 (DASS)      
1 28190U 04009A   12354.26358366  .00000013  00000-0  10000-3 0  5733
2 28190  55.0958 111.3612 0086168  14.7661 345.4627  2.00567029 64140
GPS BIIR-12 (DASS)      
1 28361U 04023A   12354.04953239 -.00000074  00000-0  10000-3 0  3922
2 28361  54.8731 286.9206 0081952 194.8207 164.9563  2.00551065 62229
GPS BIIR-13 (DASS)      
1 28474U 04045A   12354.55210198  .00000077  00000-0  10000-3 0  2793
2 28474  53.7838 165.0675 0118613 205.9315 153.4737  2.00574803 59593
SARSAT 10 (NOAA 18)     
1 28654U 05018A   12355.32692310  .00000119  00000-0  90244-4 0  4372
2 28654  99.0744 315.2160 0014268 354.8658   5.2384 14.11746627390821
GPS IIR-14M (DASS)      
1 28874U 05038A   12354.40553852  .00000006  00000-0  10000-3 0  5381
2 28874  55.2523 108.3509 0080006 230.1011 129.1777  2.00552534 53010
MSG-2                   
1 28912U 05049B   12355.03025142 -.00000010  00000-0  10000-3 0  3375
2 28912   0.3733 350.3418 0002937 128.5957 340.5859  1.00275110 25707
GOES 13                 
1 29155U 06018A   12355.23608334 -.00000253  00000-0  10000-3 0  3441
2 29155   0.2702  97.7208 0001385 342.9100  19.0416  1.00268539 24117
SARSAT 11 (METOP-A)     
1 29499U 06044A   12355.02210432  .00001192  00000-0  56473-3 0  9224
2 29499  98.6770  51.4046 0001300 146.2350 213.8953 14.21496691320129
GPS IIR-16M (DASS)      
1 29601U 06052A   12354.45943998 -.00000080  00000-0  10000-3 0  9608
2 29601  56.2811  47.7951 0040196   4.6921 355.3988  2.00565021 44626
GPS IIR-17M (DASS)      
1 32260U 07047A   12354.76875398 -.00000079  00000-0  00000+0 0  6677
2 32260  54.0233 284.6751 0050777   2.8345 357.2094  2.00562874 38020
GPS IIR-18M (DASS)      
1 32384U 07062A   12354.58517457  .00000006  00000-0  10000-3 0  7057
2 32384  55.2823 108.8388 0019709 292.7489  67.0305  2.00555819 36746
SARSAT 12 (NOAA 19)     
1 33591U 09005A   12355.30577396  .00000370  00000-0  22861-3 0  6226
2 33591  98.8844 292.9577 0013599 212.9534 147.0793 14.11436321199262
GOES 14                 
1 35491U 09033A   12354.29273711 -.00000185  00000-0  10000-3 0  7564
2 35491   0.1651 261.5736 0005236 279.7845 282.6190  1.00264448 12779
COSPAS C11 (STERKH 1)   
1 35636U 09039B   12354.58730669  .00000075  00000-0  48669-4 0  5909
2 35636  82.9539 161.5800 0019445 312.9604  46.9928 13.89562699173221
COSPAS C12 (STERKH 2)   
1 35866U 09049B   12354.75484963  .00000080  00000-0  55148-4 0  4216
2 35866  98.6296  46.3540 0002455 228.8965 131.2000 14.22513533169033
GOES 15                 
1 36411U 10008A   12355.31631838  .00000088  00000-0  10000-3 0  3661
2 36411   0.1862 258.2072 0002514  13.0754 156.4138  1.00270910 10281
ELEKTRO-L 1             
1 37344U 11001A   12355.13069377 -.00000100  00000-0  10000-3 0  4986
2 37344   0.0238 222.4391 0001905 353.5607 356.2267  1.00271282  7071
GLONASS-K 1             
1 37372U 11009A   12354.47344674  .00000040  00000-0  10000-3 0  5418
2 37372  64.8362 120.1615 0005353 222.2566 249.4935  2.13107340 14091
