ALOUETTE 1 (S-27)       
1 00424U 62049A   12355.21467576  .00000081  00000-0  83747-4 0   673
2 00424  80.4661  88.2976 0022891 345.6866  14.3629 13.68852342507084
IUE                     
1 10637U 78012A   12353.15770590 -.00000028  00000-0  00000+0 0  8521
2 10637  43.9377 358.4058 1481415 178.4222 182.1164  1.00063447 80269
IRAS                    
1 13777U 83004A   12355.16294212 -.00000171  00000-0 -86116-4 0   890
2 13777  99.0085 188.5626 0018441 279.7199  80.1883 14.00180272196993
AKEBONO (EXOS-D)        
1 19822U 89016A   12355.06159520  .00027387  54909-6  75775-3 0  4179
2 19822  75.0829 219.5202 2434671 262.3346  69.7068 10.55426848726182
INTERCOSMOS 24          
1 20261U 89080A   12355.10726518  .00000423  00000-0  12810-3 0  9378
2 20261  82.5932 351.4595 1210814 274.6941  71.7207 12.54233149 60200
COBE                    
1 20322U 89089A   12354.49835461 -.00000108  00000-0 -40069-4 0  9251
2 20322  99.0029   0.5347 0009037 152.1136 208.0523 14.04530227183029
HST                     
1 20580U 90037B   12355.20693215  .00002108  00000-0  14006-3 0  1366
2 20580  28.4702   5.6798 0003375 233.7999 126.2273 15.03140676 42737
CRRES                   
1 20712U 90065A   12354.18986385  .00000477  00000-0  72402-3 0  5605
2 20712  17.9450 256.8809 7125856 338.8092   2.6655  2.43830756188239
SARA                    
1 21578U 91050E   12354.94775716  .00000609  00000-0  16344-3 0  6194
2 21578  98.3955 325.6046 0002172 191.5789 168.5356 14.51599294130278
ORBVIEW 1 (MICROLAB)    
1 23547U 95017C   12354.51748321  .00000707  00000-0  17220-3 0   540
2 23547  69.9819  61.6787 0013703 240.1478 119.8298 14.56781842939106
RXTE (XTE)              
1 23757U 95074A   12354.67797867  .00005850  00000-0  14588-3 0  7974
2 23757  22.9874 220.2913 0006269 282.4651  77.5177 15.36297199942335
POLAR                   
1 23802U 96013A   12353.72216260  .00000036  00000-0  10000-3 0  3553
2 23802  81.4897 306.6260 6689094  30.2342 355.2133  1.29844466 80861
FAST                    
1 24285U 96049A   12355.07345479  .00005659  00000-0  48921-3 0  6476
2 24285  82.9678 130.9152 1959604 237.1765 102.5523 11.34725370663229
TRACE                   
1 25280U 98020A   12355.18800735  .00002868  00000-0  21921-3 0  3686
2 25280  97.5869 194.0177 0029046 243.4364 116.3884 15.02402087803224
SAFIR 2                 
1 25399U 98043F   12354.95743586  .00000111  00000-0  65856-4 0  3894
2 25399  98.3526 331.1630 0002511  49.1524 310.9858 14.24143209750774
SWAS                    
1 25560U 98071A   12355.21493600  .00000913  00000-0  10656-3 0   821
2 25560  69.9018  52.0149 0005928 146.4895 213.6634 14.88814483761003
ASTRID 2                
1 25568U 98072B   12354.90404983  .00000067  00000-0  56931-4 0  1762
2 25568  82.9478 115.5813 0026353  96.2020 264.2135 13.72174080702429
ORSTED                  
1 25635U 99008B   12354.30058112  .00000272  00000-0  73831-4 0  6930
2 25635  96.4816 257.8810 0143356  76.2124 285.4973 14.46537067728886
SUNSAT (SO-35)          
1 25636U 99008C   12354.80452024  .00000141  00000-0  43719-4 0  3840
2 25636  96.4814 247.7956 0148342 123.0831 238.4710 14.43854247728000
ABRIXAS                 
1 25721U 99022A   12354.86953728  .00006359  00000-0  24063-3 0  5786
2 25721  48.4645 288.7074 0017986 309.1975  50.7374 15.27934663755763
TERRIERS                
1 25735U 99026A   12354.10969022  .00003582  00000-0  13140-3 0  7620
2 25735  97.0806 183.9162 0006142 180.4154 179.7083 15.28559283754144
FUSE 1                  
1 25791U 99035A   12354.49990920  .00000326  00000-0  43758-4 0  4130
2 25791  24.9841  31.6786 0010357  60.6568 299.4975 14.42101550711526
CXO                     
1 25867U 99040B   12354.06946349 -.00001149  00000-0  00000+0 0  8305
2 25867  74.1283 351.2668 8697991 278.1526 359.7845  0.37803630  9859
CLEMENTINE              
1 25978U 99064B   12354.34253085  .00002000  00000-0  22215-3 0  8002
2 25978  98.1350 110.4709 0009078 273.8948  86.1229 14.88374232706223
XMM-NEWTON              
1 25989U 99066A   12355.36581223  .00000155  00000-0  00000+0 0  3139
2 25989  63.7595  73.8663 7050265  95.6544 359.7829  0.50134812 12663
TERRA                   
1 25994U 99068A   12355.10163913  .00000048  00000-0  20789-4 0  6765
2 25994  98.2148  66.5520 0001180 103.8853 256.2429 14.57117336691830
ACRIMSAT                
1 26033U 99070B   12354.59669930  .00000287  00000-0  67151-4 0  7349
2 26033  97.8129 192.4359 0029330 121.9338 238.4729 14.61017476692615
IMAGE                   
1 26113U 00017A   12353.67078879 -.00000027  00000-0  10000-3 0  2994
2 26113  93.0990 228.5148 7590318 134.7346 320.0450  1.68641380 78417
CLUSTER II-FM6 (SALSA)  
1 26410U 00041A   12354.72320488  .00001047  00000-0  00000+0 0  9044
2 26410 138.4478 299.5773 7967701 113.9749 359.8553  0.44216680 10249
CLUSTER II-FM7 (SAMBA)  
1 26411U 00041B   12354.72133277  .00001047  00000-0  00000+0 0  8794
2 26411 138.4476 299.5774 7967704 113.9749 359.5575  0.44217092 10320
CLUSTER II-FM5 (RUMBA)  
1 26463U 00045A   12354.75059042  .00001138  00000-0  00000+0 0  8909
2 26463 141.3122 296.2831 7915677 111.9641 359.5659  0.44301489 10829
CLUSTER II-FM8 (TANGO)  
1 26464U 00045B   12350.41460058  .00001057  00000-0  00000+0 0  8520
2 26464 130.3038 285.0574 7901062 105.1060 359.4765  0.42548937 10182
MEGSAT-1                
1 26546U 00057B   12354.57009546  .00001561  00000-0  19118-3 0  7798
2 26546  64.5579  55.9853 0048919 269.4201  90.1301 14.86112200662431
HETE-2                  
1 26561U 00061A   12353.13882707  .00002998  00000-0  17224-3 0  8207
2 26561   1.9604 102.1985 0021454 231.4624 128.5001 14.99197588667249
MUNIN                   
1 26621U 00075C   12355.20797589 -.00001268  00000-0 -11370-2 0  5474
2 26621  95.4151 114.0234 0715609 337.9805  19.1939 13.03856853574765
ODIN                    
1 26702U 01007A   12355.08921012  .00002080  00000-0  17783-3 0  8228
2 26702  97.6426   6.5339 0003756 123.7461 236.4156 14.98705888645194
TIMED                   
1 26998U 01055B   12354.47940741  .00000664  00000-0  81565-4 0  3669
2 26998  74.0745 334.4511 0000518 291.9000  68.2124 14.85274177597638
RHESSI                  
1 27370U 02004A   12354.90025675  .00002970  00000-0  19677-3 0   109
2 27370  38.0378 182.2952 0013485 226.5244 133.4398 15.07873750596762
INTEGRAL                
1 27540U 02048A   12355.29166667  .00000627  00000-0  00000+0 0  2347
2 27540  63.5844 273.1753 8796323 252.2564   1.9596  0.33416778  8582
FEDSAT                  
1 27598U 02056B   12354.87551987  .00000059  00000-0  39984-4 0  8483
2 27598  98.2527 358.7221 0010156  50.4418 309.7660 14.28203549522175
WEOS                    
1 27599U 02056C   12355.03777389  .00000050  00000-0  35998-4 0  8504
2 27599  98.2482   7.4959 0010824  61.0186 299.2078 14.28819901522399
MICRO LABSAT            
1 27600U 02056D   12354.52561835  .00000021  00000-0  24092-4 0  8160
2 27600  98.2428   6.2255 0011840  62.8850 297.3546 14.29083247522435
CORIOLIS                
1 27640U 03001A   12354.86650604 -.00000030  00000-0  66931-5 0   594
2 27640  98.7551 359.1940 0014062 341.1433  18.9231 14.18558647515351
CHIPSAT                 
1 27643U 03002B   12354.21385904  .00002354  00000-0  18966-3 0  2512
2 27643  94.0262 249.3725 0010149 182.3410 177.7761 15.00159841542756
SORCE                   
1 27651U 03004A   12354.65482141  .00001659  00000-0  20970-3 0  9794
2 27651  39.9963  77.9792 0025911 267.1482  92.6339 14.84131717536554
GALEX                   
1 27783U 03017A   12354.43152413  .00000667  00000-0  11358-3 0  6689
2 27783  28.9997  18.5047 0004184  88.2040 271.9005 14.60538689515192
MOST                    
1 27843U 03031D   12353.63627512  .00000027  00000-0  32872-4 0  5381
2 27843  98.7158 358.1080 0010719  64.5444 295.6843 14.20275015490922
QUAKESAT                
1 27845U 03031F   12354.75958000  .00000280  00000-0  14965-3 0  5840
2 27845  98.7118   0.3869 0009636  67.7796 292.4401 14.20887202491116
AAU CUBESAT             
1 27846U 03031G   12354.57194151  .00000141  00000-0  84528-4 0  4501
2 27846  98.6915   0.5409 0009933  28.5761 331.5958 14.21374665491342
SCISAT 1                
1 27858U 03036A   12354.06843394  .00000433  00000-0  68701-4 0  8168
2 27858  73.9305 182.9933 0008665 299.5688  60.4622 14.75539922503573
STSAT-1                 
1 27945U 03042G   12355.12516146  .00000268  00000-0  60066-4 0  7499
2 27945  97.7964 186.7662 0013201  48.6801 311.5535 14.63612559493057
GP-B                    
1 28230U 04014A   12354.50985394  .00000548  00000-0  75978-4 0  6121
2 28230  89.9044 146.7524 0001835  72.9805 287.1617 14.76786510466809
DEMETER                 
1 28368U 04025C   12355.14446207  .00000703  00000-0  12022-3 0  5550
2 28368  97.8386  40.5098 0002088 115.1638 244.9796 14.71784245454152
DOUBLESTAR TC-2         
1 28382U 04029A   12354.33931003  .00000101  00000-0  18284-3 0  1737
2 28382  88.6325 322.2028 7240950  54.8958 353.0505  2.15602172 65000
SWIFT                   
1 28485U 04047A   12355.15105405  .00002777  00000-0  20668-3 0  3283
2 28485  20.5571  20.6503 0013976 150.7185 209.4066 14.95644031441573
SUZAKU (ASTRO-EII)      
1 28773U 05025A   12353.60159343  .00002689  00000-0  18170-3 0  9157
2 28773  31.3835  63.1864 0006542 194.1189 165.9277 15.04602167408876
AKARI (ASTRO-F)         
1 28939U 06005A   12354.71543873  .00005666  00000-0  30874-3 0   691
2 28939  98.2618  31.4694 0173426  15.3653 345.2732 15.02827633364501
FORMOSAT-3 FM6          
1 29047U 06011A   12354.36347343  .00000329  00000-0  14843-3 0  9827
2 29047  71.9810 292.8911 0049811 100.8238 259.8533 14.27576803350520
FORMOSAT-3 FM1          
1 29048U 06011B   12354.09567759  .00000393  00000-0  17471-3 0   612
2 29048  71.9670 207.4014 0043437  52.1797 308.3258 14.27580484352962
FORMOSAT-3 FM5          
1 29049U 06011C   12354.45249503  .00000365  00000-0  16364-3 0    21
2 29049  72.0212   2.8966 0033509 104.9885 255.4958 14.27596419348793
FORMOSAT-3 FM3          
1 29050U 06011D   12354.67686305  .00001138  00000-0  26646-3 0  3286
2 29050  72.0179  62.1877 0054787 251.7630 107.7523 14.55608536357586
FORMOSAT-3 FM4          
1 29051U 06011E   12354.76658976  .00000376  00000-0  16522-3 0   563
2 29051  72.0079 269.1028 0069308 333.0559  26.6991 14.27601974351425
FORMOSAT-3 FM2          
1 29052U 06011F   12355.42325458  .00000364  00000-0  16273-3 0   777
2 29052  72.0352 333.8715 0038895  67.9193 292.6049 14.27651519349826
CLOUDSAT                
1 29107U 06016A   12354.02450726  .00000438  00000-0  10724-3 0  1289
2 29107  98.2172 294.5256 0001147  93.9358 266.2016 14.57088416353449
CALIPSO                 
1 29108U 06016B   12354.84739316  .00000824  00000-0  19299-3 0  1583
2 29108  98.2174 294.8812 0001021  74.8946 285.2374 14.57087504353495
HINODE (SOLAR-B)        
1 29479U 06041A   12355.06169119  .00000540  00000-0  11419-3 0  9685
2 29479  98.1082 351.1752 0017305 338.3758  21.6715 14.63069993333414
SJ-6C                   
1 29505U 06046A   12355.10527280  .00000863  00000-0  91106-4 0  8782
2 29505  97.7329 346.9246 0004073 123.0828 237.0757 14.91799012335108
SJ-6D                   
1 29506U 06046B   12355.09739180  .00000455  00000-0  51636-4 0  8528
2 29506  97.7434 345.5569 0002010 158.9876 201.1414 14.90995430334942
COROT                   
1 29678U 06063A   12354.57914439  .00000106  00000-0  66565-4 0  9768
2 29678  90.0091  10.5620 0007280  89.4633 270.7376 13.98311192305162
AGILE                   
1 31135U 07013A   12355.17760545  .00004213  00000-0  16953-3 0  7518
2 31135   2.4713 147.7344 0019173 299.2004  60.9316 15.14678194313254
AIM                     
1 31304U 07015A   12354.78538602  .00003805  00000-0  33529-3 0  9078
2 31304  97.8442 103.7445 0009505 283.7991  76.2190 14.97028811308107
FGRST (GLAST)           
1 33053U 08029A   12355.10325023  .00000283  00000-0  00000+0 0  2271
2 33053  25.5847 335.7084 0013863  85.4677 274.7626 15.06688273249280
KORONAS-FOTON           
1 33504U 09003A   12355.11296308  .00002009  00000-0  12811-3 0  2702
2 33504  82.4720  54.1273 0019818  23.5693   6.4926 15.08023489213662
TATIANA 2               
1 35868U 09049D   12355.21133418  .00000106  00000-0  67246-4 0   718
2 35868  98.6292  46.3303 0003717 212.8035 147.2912 14.22321918169078
UGATUSAT                
1 35869U 09049E   12355.19933420  .00000043  00000-0  38902-4 0   354
2 35869  98.6247  45.7502 0003843 230.3064 129.7786 14.22105136169054
SUMBANDILA (SO-67)      
1 35870U 09049F   12355.11905669  .00004833  00000-0  19360-3 0  6221
2 35870  97.2123  24.2907 0000921 184.9995 260.2356 15.25487685180947
WISE                    
1 36119U 09071A   12354.89137740  .00002485  00000-0  13113-3 0  8744
2 36119  97.5167 357.6868 0002306 327.8439  32.2653 15.16466804166620
SDO                     
1 36395U 10005A   12354.22064757 -.00000027  00000-0  10000-3 0  6362
2 36395  27.8257 170.5956 0000816 335.8191 279.5354  1.00272484 10641
CRYOSAT 2               
1 36508U 10013A   12354.82463545  .00000003  00000-0  00000+0 0  8271
2 36508  92.0118 165.5004 0010545 148.5817 211.6034 14.52183761143121
PICARD                  
1 36598U 10028A   12355.08552182  .00000192  00000-0  61072-4 0  7539
2 36598  98.2889 176.7853 0001819 357.3383   2.7789 14.49706946133050
GCOM-W1 (SHIZUKU)       
1 38337U 12025A   12354.36292786  .00000507  00000-0  12270-3 0  2879
2 38337  98.2164 291.1024 0001498  57.6251 302.5099 14.57111537 31426
NUSTAR                  
1 38358U 12031A   12347.62296476  .00001463  00000-0  96362-4 0  1146
2 38358   6.0257 345.4187 0013420  47.6155 312.5303 14.82298565 27049
