ISS (ZARYA)             
1 25544U 98067A   12355.24831213  .00014368  00000-0  24069-3 0  8670
2 25544  51.6488 277.2423 0017296  65.7718  91.3422 15.51963148806918
TIANGONG 1              
1 37820U 11053A   12355.37814133  .00037259  00000-0  29558-3 0  4179
2 37820  42.7820   4.0922 0000977 265.1827 234.0980 15.70584684 70490
PROGRESS-M 16M          
1 38738U 12042A   12333.60875234  .00013656  00000-0  23040-3 0   797
2 38738  51.6499  24.7441 0015766 340.1845 155.9317 15.51837211 18449
SFERA                   
1 38751U 98067CM  12329.30135855  .49187503  12704-4  71869-3 0  1778
2 38751  51.6137  32.0752 0005023 349.5923  11.6146 16.48507380 14997
RAIKO                   
1 38852U 98067CN  12355.21985954  .00042887  00000-0  58697-3 0   825
2 38852  51.6488 275.8700 0018038  59.8039 300.4735 15.56785346 11849
FITSAT-1 (NIWAKA)       
1 38853U 98067CP  12355.19406699  .00051828  00000-0  68089-3 0   794
2 38853  51.6507 275.7018 0015435  75.7800 284.4885 15.57848980 11891
TECHEDSAT               
1 38854U 98067CQ  12355.20340013  .00074038  00000-0  88408-3 0   889
2 38854  51.6464 275.0140 0015647  81.6445 278.6316 15.60214634 11902
F-1                     
1 38855U 98067CR  12354.88970460  .00073974  00000-0  89357-3 0   914
2 38855  51.6486 276.6592 0015440  78.8184 281.4508 15.59916918 11743
WE-WISH                 
1 38856U 98067CS  12355.16716114  .00130784  00000-0  12786-2 0  1051
2 38856  51.6452 274.0145 0017616  75.8657 284.4294 15.65036735 11801
SOYUZ-TMA 06M           
1 38871U 12058A   12333.60875234  .00013656  00000-0  23040-3 0   321
2 38871  51.6499  24.7441 0015766 340.1845 155.9317 15.51837211  5599
PROGRESS-M 17M          
1 38975U 12060A   12333.60875234  .00013656  00000-0  23040-3 0   228
2 38975  51.6499  24.7441 0015766 340.1845 155.9317 15.51837211  4391
