LANDSAT 4               
1 13367U 82072A   12354.89040871  .00002235  00000-0  15295-3 0  2328
2 13367  98.2737   7.0122 0016340 353.5965   6.5047 15.07185924637167
TDRS 1                  
1 13969U 83026B   12353.97844980 -.00000086  00000-0  10000-3 0  5041
2 13969  13.8752   0.6779 0021500 131.2986 228.8815  0.98743005 81709
LANDSAT 5               
1 14780U 84021A   12355.03872101  .00000204  00000-0  55018-4 0  5954
2 14780  98.1240  56.1801 0003734  69.5953 290.5646 14.57164478532055
ERBS                    
1 15354U 84108B   12354.91817797  .00005113  00000-0  23627-3 0  1145
2 15354  57.0197 249.2907 0013202 265.7419  94.2118 15.21753120546630
TDRS 3                  
1 19548U 88091B   12355.41032383 -.00000301  00000-0  10000-3 0  9824
2 19548  13.9386  26.1602 0009802 328.9193 193.3563  1.00275466 76004
TDRS 4                  
1 19883U 89021B   12352.83546603 -.00000186  00000-0  00000+0 0  3378
2 19883  11.2273  32.6018 0014880 216.8331 143.0445  0.98485012259488
HST                     
1 20580U 90037B   12355.20693215  .00002108  00000-0  14006-3 0  1366
2 20580  28.4702   5.6798 0003375 233.7999 126.2273 15.03140676 42737
TDRS 5                  
1 21639U 91054B   12352.57415178  .00000087  00000-0  10000-3 0  1891
2 21639  12.4527  40.2206 0015150 341.6774 103.7258  1.00276512 78298
TOPEX/POSEIDON          
1 22076U 92052A   12355.22611580 -.00000038  00000-0  10000-3 0  9543
2 22076  66.0394 287.6437 0007672 267.2422  92.7715 12.80971566952452
TDRS 6                  
1 22314U 93003B   12355.29211770 -.00000296  00000-0  10000-3 0  2144
2 22314  11.8715  43.0122 0009980 317.5924 131.4780  1.00266000 73049
TDRS 7                  
1 23613U 95035B   12354.82210029 -.00000202  00000-0  10000-3 0  3584
2 23613  13.4179  33.6161 0030415 344.8101  91.2173  1.00271854 63848
RXTE (XTE)              
1 23757U 95074A   12354.67797867  .00005850  00000-0  14588-3 0  7974
2 23757  22.9874 220.2913 0006269 282.4651  77.5177 15.36297199942335
TRMM                    
1 25063U 97074A   12354.83680391  .00018916  00000-0  26586-3 0  1948
2 25063  34.9610 141.0786 0000701 272.7363  87.3270 15.55733892859856
KIKU-7 (ETS-VII)        
1 25064U 97074B   12354.56616271  .00007091  00000-0  20484-3 0  7865
2 25064  34.9688 186.6044 0006193  20.8727 339.2245 15.34904278837145
ISS (ZARYA)             
1 25544U 98067A   12355.24831213  .00014368  00000-0  24069-3 0  8670
2 25544  51.6488 277.2423 0017296  65.7718  91.3422 15.51963148806918
LANDSAT 7               
1 25682U 99020A   12355.08697470  .00000255  00000-0  66623-4 0  7335
2 25682  98.2162  61.1749 0000616  42.5171 317.6073 14.57105547727758
FUSE 1                  
1 25791U 99035A   12354.49990920  .00000326  00000-0  43758-4 0  4130
2 25791  24.9841  31.6786 0010357  60.6568 299.4975 14.42101550711526
TERRA                   
1 25994U 99068A   12355.10163913  .00000048  00000-0  20789-4 0  6765
2 25994  98.2148  66.5520 0001180 103.8853 256.2429 14.57117336691830
TDRS 8                  
1 26388U 00034A   12354.93904838 -.00000227  00000-0  10000-3 0  7885
2 26388   4.3560  74.1542 0004170 165.3887 276.6297  1.00274040 45781
EO-1                    
1 26619U 00075A   12355.12989467  .00001413  00000-0  28569-3 0   261
2 26619  98.0567  55.9108 0008907 243.4664 116.5687 14.62820201643612
TIMED                   
1 26998U 01055B   12354.47940741  .00000664  00000-0  81565-4 0  3669
2 26998  74.0745 334.4511 0000518 291.9000  68.2124 14.85274177597638
TDRS 9                  
1 27389U 02011A   12355.17083157 -.00000262  00000-0  10000-3 0   492
2 27389   1.9470 121.4269 0012621 251.8351  96.5005  1.00272833 41033
AQUA                    
1 27424U 02022A   12354.09133262  .00001971  00000-0  44758-3 0  5294
2 27424  98.2171 291.9090 0001489  86.4889 273.6560 14.57100772565294
TDRS 10                 
1 27566U 02055A   12352.53609694  .00000076  00000-0  10000-3 0  7617
2 27566   1.9261  64.7408 0012211 188.3032 212.3122  1.00263333 36832
SORCE                   
1 27651U 03004A   12354.65482141  .00001659  00000-0  20970-3 0  9794
2 27651  39.9963  77.9792 0025911 267.1482  92.6339 14.84131717536554
GALEX                   
1 27783U 03017A   12354.43152413  .00000667  00000-0  11358-3 0  6689
2 27783  28.9997  18.5047 0004184  88.2040 271.9005 14.60538689515192
GP-B                    
1 28230U 04014A   12354.50985394  .00000548  00000-0  75978-4 0  6121
2 28230  89.9044 146.7524 0001835  72.9805 287.1617 14.76786510466809
AURA                    
1 28376U 04026A   12354.44002936  .00000688  00000-0  16262-3 0  6664
2 28376  98.2172 294.4359 0001211  75.4949 284.6383 14.57123190448391
SWIFT                   
1 28485U 04047A   12355.15105405  .00002777  00000-0  20668-3 0  3283
2 28485  20.5571  20.6503 0013976 150.7185 209.4066 14.95644031441573
THEMIS A                
1 30580U 07004A   12353.46385285 -.00000387  00000-0  00000+0 0  5053
2 30580  10.8618  85.5803 8142389  28.0689 341.5379  1.03866447 20787
THEMIS D                
1 30797U 07004D   12350.32292978 -.00000359  00000-0  00000+0 0  6602
2 30797   7.7377  51.0750 8102941  57.7846 343.2138  1.03919815 20608
THEMIS E                
1 30798U 07004E   12353.31659450 -.00000345  00000-0  00000+0 0  6703
2 30798   7.4229  63.7155 8060080  47.7668 349.5444  1.03913801 20786
AIM                     
1 31304U 07015A   12354.78538602  .00003805  00000-0  33529-3 0  9078
2 31304  97.8442 103.7445 0009505 283.7991  76.2190 14.97028811308107
C/NOFS                  
1 32765U 08017A   12354.28613321  .00021938  00000-0  83802-3 0  2046
2 32765  13.0009 345.5444 0247785 317.3116  40.8185 15.00006936254357
FGRST (GLAST)           
1 33053U 08029A   12355.10325023  .00000283  00000-0  00000+0 0  2271
2 33053  25.5847 335.7084 0013863  85.4677 274.7626 15.06688273249280
WISE                    
1 36119U 09071A   12354.89137740  .00002485  00000-0  13113-3 0  8744
2 36119  97.5167 357.6868 0002306 327.8439  32.2653 15.16466804166620
