ECHOSTAR 16             
1 39008U 12065A   12354.38692497 -.00000277  00000-0  00000+0 0   343
2 39008   0.0108 286.6024 0001960 191.6947  42.2885  1.00274006   393
BREEZE-M R/B            
1 39009U 12065B   12355.06616888 -.00000058  00000-0  00000+0 0   224
2 39009  30.5998 339.3538 6881833  13.8707 358.0987  2.23056874   753
BREEZE-M DEB [TANK]     
1 39010U 12065C   12354.39066920  .00005377  00000-0  10185-2 0   201
2 39010  49.7039 319.9198 4739992  14.5505 355.3847  6.04252977  1604
YAOGAN 16A              
1 39011U 12066A   12355.32837796 -.00000091  00000-0  00000+0 0   856
2 39011  63.3829   9.0868 0007525  13.5177 346.6050 13.46678945  3382
YAOGAN 16B              
1 39012U 12066B   12355.32893791 -.00000091  00000-0  00000+0 0   865
2 39012  63.3831   9.0887 0009082 323.9651  36.0756 13.46711969  3390
YAOGAN 16C              
1 39013U 12066C   12355.34781648 -.00000092  00000-0  00000+0 0   833
2 39013  63.3841   8.2586 0033577 286.1970  73.5369 13.54262234  3413
CZ-4C R/B               
1 39014U 12066D   12355.47557850 -.00000092  00000-0  48537-5 0   275
2 39014  63.4401   6.1395 0148122  20.6375 340.0562 13.70060181  3462
CZ-4C DEB               
1 39015U 12066E   12354.55475667 -.00000090  00000-0  00000+0 0   263
2 39015  63.3849  11.3462 0014834   9.6756 350.4553 13.43848567  3280
CZ-4C DEB               
1 39016U 12066F   12354.25034067 -.00000090  00000-0  00000+0 0   233
2 39016  63.3845  12.0853 0016717  13.6672 346.4802 13.44227056  3246
CHINASAT 12 (ZX 12)     
1 39017U 12067A   12354.93190858 -.00000154  00000-0  00000+0 0   131
2 39017   0.0381 197.7551 0000698 304.9789   3.1998  1.00271297   304
CZ-3B R/B               
1 39018U 12067B   12354.37515342  .00000992  00000-0  11105-2 0   117
2 39018  26.6459 211.9599 7875938 188.2624 138.1791  1.56799513   397
EUTELSAT 70B            
1 39020U 12069A   12353.93196940  .00000105  00000-0  00000+0 0   207
2 39020   0.0523 125.3071 0001091  36.8149 312.2801  1.00268256   194
BLOCK DM-SL R/B         
1 39021U 12069B   12355.11361907 -.00000170  00000-0  10000-3 0   148
2 39021   0.0220 108.2044 6877957 304.8288 352.0862  2.21895103   368
YAMAL 402               
1 39022U 12070A   12353.05871259  .00000033  00000-0  10000-3 0   123
2 39022   0.0515 265.5055 0005359  65.3757 191.1078  1.00581864   170
BREEZE-M R/B            
1 39023U 12070B   12354.15785169 -.00000146  00000-0  00000+0 0   143
2 39023  25.9945 282.7326 6337332   2.8545 359.4352  2.10005833   232
BREEZE-M DEB [TANK]     
1 39024U 12070C   12349.86932475 -.00000140  00000-0  00000+0 0   122
2 39024  47.9373 283.2455 7183474   1.5936   5.2265  2.27299295   131
KMS 3-2                 
1 39026U 12072A   12355.23650834  .00003269  00000-0  20335-3 0   424
2 39026  97.4042  43.8915 0060553 145.1396 215.3851 15.08771212  1242
UNHA 3 R/B              
1 39027U 12072B   12354.91049961  .00001125  00000-0  74179-4 0   337
2 39027  97.4045  43.5628 0066226 148.6332 211.8874 15.07679345  1198
UNHA 3 DEB              
1 39028U 12072C   12355.09424240  .00005975  00000-0  35364-3 0   299
2 39028  97.4468  43.8003 0053038 148.1720 212.2815 15.10594600  1229
UNHA 3 DEB              
1 39029U 12072D   12355.10789634  .00005589  00000-0  35040-3 0   284
2 39029  97.3636  43.7344 0063197 143.3717 217.1876 15.08038456  1212
GOKTURK 2               
1 39030U 12073A   12355.44980944 -.00000048  00000-0  00000+0 0   113
2 39030  98.1581 246.9982 0014457 264.2400 202.5250 14.64211893   261
CZ-2D R/B               
1 39031U 12073B   12355.45762738  .02681173  19232-5  36250-3 0   100
2 39031  96.5718 246.3646 0364607 354.8646   4.8899 15.58812711   240
SOYUZ-TMA 07M           
1 39032U 12074A   12355.26500148 -.00003514  11111-4  00000+0 0    53
2 39032  51.6460 277.5326 0072864 146.3130 291.3105 15.90343899    99
SL-4 R/B                
1 39033U 12074B   12355.30091438  .01814895  12027-4  54201-3 0    84
2 39033  51.6446 277.2296 0026230  77.2600 283.1364 16.25240152   135
2012-075A               
1 39034U 12075A   12355.38559727 -.00000355  00000-0  00000+0 0    57
2 39034   2.0011 244.5808 7280856 178.0773  19.2431  2.27619914    06
2012-075B               
1 39035U 12075B   12355.39459759 -.00000355  00000-0  00000+0 0    31
2 39035   2.0037 244.8929 7278577 177.7802  27.1113  2.27892735    18
2012-075C               
1 39036U 12075C   12355.02070059 -.00000330  00000-0  00000+0 0    26
2 39036   2.1452 238.7403 7279536 183.7377  80.6195  2.28330514    06
2012-075D               
1 39037U 12075D   12355.41051365 -.00000356  00000-0  00000+0 0    38
2 39037   2.0076 244.7120 7278346 177.9806  40.2784  2.27871995    09
