ORBVIEW 2 (SEASTAR)     
1 24883U 97037A   12355.22738107  .00000243  00000-0  10546-3 0  9142
2 24883  98.4349 108.6195 0001564 299.6664  60.4368 14.32562388817030
METEOSAT-7              
1 24932U 97049B   12355.01780549  .00000056  00000-0  10000-3 0  4180
2 24932   8.0779  54.2207 0002166 190.9325 267.6686  1.00268467 56047
NOAA 15                 
1 25338U 98030A   12355.18149034  .00000130  00000-0  74081-4 0  5351
2 25338  98.7082 340.5155 0009804 290.2593  69.7530 14.25159441759345
NOAA 16                 
1 26536U 00055A   12355.22692703 -.00000025  00000-0  11084-4 0   143
2 26536  99.0698  39.9944 0009764 281.2908  78.7161 14.12819377631305
GOES 12                 
1 26871U 01031A   12355.24423296 -.00000288  00000-0  10000-3 0  8584
2 26871   2.6679  71.0599 0002078 217.3238 189.2243  1.00269572 41860
FENGYUN 1D              
1 27431U 02024B   12354.90498286 -.00000152  00000-0 -62138-4 0  7954
2 27431  98.7907 316.9260 0015922  28.3269 331.8756 14.09379686545342
NOAA 17                 
1 27453U 02032A   12355.30184909  .00000272  00000-0  13483-3 0  9553
2 27453  98.3224  12.7985 0011235 335.5519  24.5125 14.24523110545259
METEOSAT-8 (MSG-1)      
1 27509U 02040B   12355.13554043  .00000058  00000-0  10000-3 0  1652
2 27509   1.7505  61.5254 0001326 147.6844 297.9135  1.00273382 37857
KALPANA-1 (METSAT 1)    
1 27525U 02043A   12354.82978547 -.00000083  00000-0  10000-3 0  5942
2 27525   3.2690  68.5347 0006351 198.5330 194.4421  1.00271429 37652
INSAT-3A                
1 27714U 03013A   12354.99410748 -.00000261  00000-0  10000-3 0  4501
2 27714   0.0667 257.9569 0006119  12.0483 270.3431  1.00270460 35558
FENGYUN 2C              
1 28451U 04042A   12353.97907433 -.00000365  00000-0  10000-3 0  5698
2 28451   4.3660  64.2230 0001917  61.4727  78.4114  1.00267072 29891
HIMAWARI-6 (MTSAT-1R)   
1 28622U 05006A   12349.63088213 -.00000285  00000-0  10000-3 0  7988
2 28622   0.0091 251.0469 0000657 169.6947  30.1038  1.00268075 28553
NOAA 18                 
1 28654U 05018A   12355.32692310  .00000119  00000-0  90244-4 0  4372
2 28654  99.0744 315.2160 0014268 354.8658   5.2384 14.11746627390821
METEOSAT-9 (MSG-2)      
1 28912U 05049B   12355.03025142 -.00000010  00000-0  10000-3 0  3375
2 28912   0.3733 350.3418 0002937 128.5957 340.5859  1.00275110 25707
MTSAT-2                 
1 28937U 06004A   12353.84164608 -.00000248  00000-0  10000-3 0  2981
2 28937   0.0481  76.2204 0002605 200.7209 258.9123  1.00270921 25074
FORMOSAT-3 FM6          
1 29047U 06011A   12354.36347343  .00000329  00000-0  14843-3 0  9827
2 29047  71.9810 292.8911 0049811 100.8238 259.8533 14.27576803350520
FORMOSAT-3 FM1          
1 29048U 06011B   12354.09567759  .00000393  00000-0  17471-3 0   612
2 29048  71.9670 207.4014 0043437  52.1797 308.3258 14.27580484352962
FORMOSAT-3 FM5          
1 29049U 06011C   12354.45249503  .00000365  00000-0  16364-3 0    21
2 29049  72.0212   2.8966 0033509 104.9885 255.4958 14.27596419348793
FORMOSAT-3 FM3          
1 29050U 06011D   12354.67686305  .00001138  00000-0  26646-3 0  3286
2 29050  72.0179  62.1877 0054787 251.7630 107.7523 14.55608536357586
FORMOSAT-3 FM4          
1 29051U 06011E   12354.76658976  .00000376  00000-0  16522-3 0   563
2 29051  72.0079 269.1028 0069308 333.0559  26.6991 14.27601974351425
FORMOSAT-3 FM2          
1 29052U 06011F   12355.42325458  .00000364  00000-0  16273-3 0   777
2 29052  72.0352 333.8715 0038895  67.9193 292.6049 14.27651519349826
GOES 13                 
1 29155U 06018A   12355.23608334 -.00000253  00000-0  10000-3 0  3441
2 29155   0.2702  97.7208 0001385 342.9100  19.0416  1.00268539 24117
METOP-A                 
1 29499U 06044A   12355.02210432  .00001192  00000-0  56473-3 0  9224
2 29499  98.6770  51.4046 0001300 146.2350 213.8953 14.21496691320129
FENGYUN 2D              
1 29640U 06053A   12354.73769095 -.00000210  00000-0  10000-3 0  5765
2 29640   2.7717  72.8409 0000210 304.3056  64.4171  1.00272443 22157
FENGYUN 3A              
1 32958U 08026A   12355.20168163  .00000069  00000-0  53416-4 0  5248
2 32958  98.6305  59.2055 0009850 352.1849   7.9165 14.19317804236670
NOAA 19                 
1 33591U 09005A   12355.30577396  .00000370  00000-0  22861-3 0  6226
2 33591  98.8844 292.9577 0013599 212.9534 147.0793 14.11436321199262
GOES 14                 
1 35491U 09033A   12354.29273711 -.00000185  00000-0  10000-3 0  7564
2 35491   0.1651 261.5736 0005236 279.7845 282.6190  1.00264448 12779
METEOR-M 1              
1 35865U 09049A   12355.13637253 -.00000005  00000-0  17139-4 0   672
2 35865  98.6298  45.7280 0001661 225.9793 134.1244 14.21877004169029
GOES 15                 
1 36411U 10008A   12355.31631838  .00000088  00000-0  10000-3 0  3661
2 36411   0.1862 258.2072 0002514  13.0754 156.4138  1.00270910 10281
COMS 1                  
1 36744U 10032A   12353.76973885 -.00000350  00000-0  10000-3 0  4973
2 36744   0.0370  55.6296 0000474 178.3148 259.1794  1.00271386  9235
FENGYUN 3B              
1 37214U 10059A   12355.15417220  .00000122  00000-0  79119-4 0  3473
2 37214  98.7830 295.2737 0000622 169.8860 190.2334 14.19302598110160
ELEKTRO-L 1 (GOMS 2)    
1 37344U 11001A   12355.13069377 -.00000100  00000-0  10000-3 0  4986
2 37344   0.0238 222.4391 0001905 353.5607 356.2267  1.00271282  7071
SUOMI NPP               
1 37849U 11061A   12355.03675594 -.00000143  00000-0 -46972-4 0  3700
2 37849  98.7350 289.7949 0000855 132.6617 227.4636 14.19552168 59407
FENGYUN 2F              
1 38049U 12002A   12353.90859160 -.00000363  00000-0  10000-3 0  2519
2 38049   1.6636 277.5732 0007572 238.0846  12.1135  1.00266880  3471
METOP-B                 
1 38771U 12049A   12354.56637791  .00000154  00000-0  90646-4 0   913
2 38771  98.7292  51.1898 0002037 358.8278   1.2905 14.21484831 13197
